,id,author,date,text,text_tokenised,token_count
0,eu9_129,Sylvia Limmer,2024-04-24,"Natürlich sind die beschlossenen Verschärfungen der Sanktionen richtig. Aber will man wirklich im Nahen Osten stabilisierend wirken, müssen die Staaten unterstützt werden, die Israel Hilfe gewähren bei seiner Verteidigung. Sich den westlichen Werten zu verschreiben, muss sich lohnen. Und am wichtigsten: Es braucht die feste Entschlossenheit, das iranische Nuklearprogramm zu stoppen. Atomwaffen in den Händen dieser Mullahs werden sich früher oder später nicht nur gegen Israel, sondern gegen uns alle richten.",Natürlich sind die beschlossenen Verschärfungen der Sanktionen richtig  Aber will man wirklich im Nahen Osten stabilisierend wirken  müssen die Staaten unterstützt werden  die Israel Hilfe gewähren bei seiner Verteidigung  Sich den westlichen Werten zu verschreiben  muss sich lohnen  Und am wichtigsten  Es braucht die feste Entschlossenheit  das iranische Nuklearprogramm zu stoppen  Atomwaffen in den Händen dieser Mullahs werden sich früher oder später nicht nur gegen Israel  sondern gegen uns alle richten,71
1,eu9_513,Jörg Meuthen,2024-04-23,"Wir brauchen nüchterne, pragmatische ökonomische Vernunft. Die bestünde in der Beschränkung auf das Setzen kluger Rahmenbedingungen für die Unternehmen und im Verzicht auf staatliches Steuern aller wirtschaftlichen Abläufe. Weniger Bürokratie, weniger Reglementierung, weniger Abgabenlast. Weniger ist mehr. Aber das kapiert hier scheinbar niemand mehr. So und nur so kann Europa langfristig wieder wettbewerbsfähig werden. Den blumigen Märchenstunden von Frau von der Leyen glaubt niemand mehr, der die wahren Daten kennt.",Wir brauchen nüchterne  pragmatische ökonomische Vernunft  Die bestünde in der Beschränkung auf das Setzen kluger Rahmenbedingungen für die Unternehmen und im Verzicht auf staatliches Steuern aller wirtschaftlichen Abläufe  Weniger Bürokratie  weniger Reglementierung  weniger Abgabenlast  Weniger ist mehr  Aber das kapiert hier scheinbar niemand mehr  So und nur so kann Europa langfristig wieder wettbewerbsfähig werden  Den blumigen Märchenstunden von Frau von der Leyen glaubt niemand mehr  der die wahren Daten kennt,70
2,eu9_554,Gunnar Beck,2024-04-23,"Doch die deutsche Finanzierung kommt nicht kostenlos, denn fließen soll das geschöpfte Geld in grüne Fantasie— und Gesellschaftsprojekte, die unsere Wettbewerbsfähigkeit weiter untergraben, weil die Kosten unnachgiebig steigen. Mit anderen Worten: Was Sie hier debattieren, sind die letzten Feinheiten eines Suizidpaktes für unseren gemeinsamen Abgesang auf Europas Rolle in der Weltwirtschaft. Denn der Rest der Welt strebt nach Wachstum und nicht nach degrowth.",Doch die deutsche Finanzierung kommt nicht kostenlos  denn fließen soll das geschöpfte Geld in grüne Fantasie— und Gesellschaftsprojekte  die unsere Wettbewerbsfähigkeit weiter untergraben  weil die Kosten unnachgiebig steigen  Mit anderen Worten  Was Sie hier debattieren  sind die letzten Feinheiten eines Suizidpaktes für unseren gemeinsamen Abgesang auf Europas Rolle in der Weltwirtschaft  Denn der Rest der Welt strebt nach Wachstum und nicht nach degrowth,63
3,eu9_1774,Gunnar Beck,2024-03-13,"Dass die deutsche Außenministerin eine politische Totalumkehr als 360-Grad-Wende bezeichnet, ist Beleg dafür, wie weit wir auf diesem Wege schon gekommen sind.",Dass die deutsche Außenministerin eine politische Totalumkehr als 360GradWende bezeichnet  ist Beleg dafür  wie weit wir auf diesem Wege schon gekommen sind,22
4,eu9_2311,Sylvia Limmer,2024-03-12,"Frau Präsidentin, Herr Kommissar! Nun hat also die Europäische Umweltagentur eine Klima-Risikoanalyse veröffentlicht. Natürlich fehlen auch in diesem Bericht die angeblich hunderttausenden apokalyptischen Klimatoten nicht – womit sich für mich diese EU-Agentur ebenfalls wissenschaftlich schlicht selbst delegitimiert hat. Ja, die Erfolgsgeschichte der Menschheit beruht auf einer Anpassung an ein sich kontinuierlich wandelndes Klima. Und nein, nicht CO2, sondern Wasserdampf ist das wichtigste Treibhausgas. Wollen Sie jetzt Wasser verbieten? Und ebenfalls: Nein, es gibt weder einen vorindustriellen noch einen prähistorischen CO2-Gleichgewichtswert, der Ihre ausschließliche Fokussierung auf dieses Spurengas der Atmosphäre auch nur ansatzweise rechtfertigen würde. An welchem Punkt glauben Sie eigentlich, das Weltklima kraft Ideologie und Gesetz arretieren zu können?",Frau Präsidentin  Herr Kommissar  Nun hat also die Europäische Umweltagentur eine KlimaRisikoanalyse veröffentlicht  Natürlich fehlen auch in diesem Bericht die angeblich hunderttausenden apokalyptischen Klimatoten nicht   – womit sich für mich diese EUAgentur ebenfalls wissenschaftlich schlicht selbst delegitimiert hat  Ja  die Erfolgsgeschichte der Menschheit beruht auf einer Anpassung an ein sich kontinuierlich wandelndes Klima  Und nein  nicht CO2  sondern Wasserdampf ist das wichtigste Treibhausgas  Wollen Sie jetzt Wasser verbieten  Und ebenfalls  Nein  es gibt weder einen vorindustriellen noch einen prähistorischen CO2Gleichgewichtswert  der Ihre ausschließliche Fokussierung auf dieses Spurengas der Atmosphäre auch nur ansatzweise rechtfertigen würde  An welchem Punkt glauben Sie eigentlich  das Weltklima kraft Ideologie und Gesetz arretieren zu können,109
5,eu9_2311,Sylvia Limmer,2024-03-12,"Nicht irgendein ominöser Klimaschutz, sondern Umweltschutz, Nahrungsmittelsicherheit und ökonomische und soziale Sicherheit sind das Gebot der Stunde. Stattdessen steigen die CO2-Klimajünger mit ihrer nur als irre zu bezeichnenden Green-Deal-Klimaideologie intellektuell auf genau jene Bäume, die unsere Vorfahren in grauer Vorzeit einst verlassen haben. Übrigens waren sich in den 1970er-Jahren ebenfalls 97 % der Klimaapostel ziemlich sicher, dass wir alle in einer neuen Eiszeit erfrieren werden. In diese Richtung geht nun auch ein jüngst erschienener Artikel aus Science Advances, der nach dem Versiegen des Golfstroms von einem Absinken der Temperatur um 30° Celsius ausgeht. Können Sie sich bitte einfach entscheiden, ob wir zu Eis erstarren oder einfach verbrennen werden?",Nicht irgendein ominöser Klimaschutz  sondern Umweltschutz  Nahrungsmittelsicherheit und ökonomische und soziale Sicherheit sind das Gebot der Stunde  Stattdessen steigen die CO2Klimajünger mit ihrer nur als irre zu bezeichnenden GreenDealKlimaideologie intellektuell auf genau jene Bäume  die unsere Vorfahren in grauer Vorzeit einst verlassen haben  Übrigens waren sich in den 1970erJahren ebenfalls 97    der Klimaapostel ziemlich sicher  dass wir alle in einer neuen Eiszeit erfrieren werden  In diese Richtung geht nun auch ein jüngst erschienener Artikel aus Science Advances  der nach dem Versiegen des Golfstroms von einem Absinken der Temperatur um 30 ° Celsius ausgeht  Können Sie sich bitte einfach entscheiden  ob wir zu Eis erstarren oder einfach verbrennen werden,108
6,eu9_2680,Gunnar Beck,2024-03-11,"Frau Präsidentin! 1633 exkommunizierte die Inquisition Galileo für Heliozentrismus – das heißt für seine Abkehr vom kirchlichen Dogma, dass die Sonne um die Erde kreist. Letzten Monat drohte EZB-Direktor Elderson allen Mitarbeitern mit Entlassung, die – Zitat – „die Realität des allein menschengemachten Klimawandels leugnen, oder dass der Klimawandel die Preisstabilität gefährdet“. Als Konservativer nun freue ich mich über jeden, der glaubt, früher war vieles besser. Aber die EZB sollte lieber ihre Klimainquisitoren gegen gute Wirtschaftshistoriker austauschen, die wissen, dass nicht der Klimawandel die Inflation beflügelt, sondern die Ausweitung der Geldmenge, so wie es Hans de Witte und Wallenstein zur Zeit Galileos so hemmungslos betrieben. Denn ihre Klimadogmen und Geldpolitik sind der größte Hokuspokus in Europa seit dem geozentrischen Weltbild.",Frau Präsidentin  1633 exkommunizierte die Inquisition Galileo für Heliozentrismus   – das heißt für seine Abkehr vom kirchlichen Dogma  dass die Sonne um die Erde kreist  Letzten Monat drohte EZBDirektor Elderson allen Mitarbeitern mit Entlassung  die   – Zitat   – „ die Realität des allein menschengemachten Klimawandels leugnen  oder dass der Klimawandel die Preisstabilität gefährdet “  Als Konservativer nun freue ich mich über jeden  der glaubt  früher war vieles besser  Aber die EZB sollte lieber ihre Klimainquisitoren gegen gute Wirtschaftshistoriker austauschen  die wissen  dass nicht der Klimawandel die Inflation beflügelt  sondern die Ausweitung der Geldmenge  so wie es Hans de Witte und Wallenstein zur Zeit Galileos so hemmungslos betrieben  Denn ihre Klimadogmen und Geldpolitik sind der größte Hokuspokus in Europa seit dem geozentrischen Weltbild,122
7,eu9_2770,Gunnar Beck,2024-02-29,"Seitdem legte der Journalist Seymour Hersh detaillierte Recherchen vor, die Sikorskis Äußerungen untermauern. Vielleicht sollten Sie hier erst einmal über den Schutz wirklich kritischer Infrastruktur nachdenken. Stattdessen zünden Sie Nebelkerzen.",Seitdem legte der Journalist Seymour Hersh detaillierte Recherchen vor  die Sikorskis Äußerungen untermauern  Vielleicht sollten Sie hier erst einmal über den Schutz wirklich kritischer Infrastruktur nachdenken  Stattdessen zünden Sie Nebelkerzen,30
8,eu9_2980,Gunnar Beck,2024-02-28,"Mr President, in 2008, the EU economy was still noticeably larger than that of the US. Today, the US economy is more than a third larger. Year on year, the gap is widening because growth paths have been diverging. Even struggling post-Brexit Britain is easily outperforming Germany and France. So, why is Europe so manifestly and collectively failing? First, because of the Green Deal which assumes that the EU, with a share of about 8% of worldwide CO2 emissions, can singlehandedly limit global warming. The Green Deal is saving nothing, but it will certainly make poor people even poorer. Secondly, an inflationary monetary policy which sustains a vicious spiral of stagflation. Third, self-defeating sanctions and the dumbest energy policy in the world, which harm us more than Russia and which have replaced Germany’s dependence on cheap Russian gas with dependency on high-price Russian energy re-exported via India or Azerbaijan.",Mr President  in 2008  the EU economy was still noticeably larger than that of the US  Today  the US economy is more than a third larger  Year on year  the gap is widening because growth paths have been diverging  Even struggling postBrexit Britain is easily outperforming Germany and France  So  why is Europe so manifestly and collectively failing  First  because of the Green Deal which assumes that the EU  with a share of about 8  of worldwide CO2 emissions  can singlehandedly limit global warming  The Green Deal is saving nothing  but it will certainly make poor people even poorer  Secondly  an inflationary monetary policy which sustains a vicious spiral of stagflation  Third  selfdefeating sanctions and the dumbest energy policy in the world  which harm us more than Russia and which have replaced Germany ’s dependence on cheap Russian gas with dependency on highprice Russian energy reexported via India or Azerbaijan,150
9,eu9_3763,Jörg Meuthen,2024-02-26,"Herr Präsident, Frau Präsidentin Lagarde, werte Kollegen! „Wenn Sie nicht grün sind, sind Sie unerwünscht.“ Diese Worte richtete Frank Elderson, einer von sechs Direktoren der EZB, jüngst an seine Belegschaft. Er fügte hinzu: „Warum sollten wir Leute einstellen, die wir umprogrammieren müssen?“ Abseits des geradezu autoritären Charakters dieser Äußerungen sagt Elderson hiermit, dass der freie Geist der Beschäftigten zum Verständnis der grünen EZB-Zielsetzungen nicht ausreiche. Allerdings: Klimapolitik gehört auch definitiv nicht zum Aufgabenbereich der Zentralbank. Deren Mandat lautet nach den Verträgen, Preisstabilität zu gewährleisten. Was also ist von einer Zentralbank zu halten, die in Zeiten anhaltend hoher Inflation – das ist im Kern ihre einzige Aufgabe – den fatalen Eindruck erweckt, Klimarettungspolitik sei ihr Primärmandat?",Herr Präsident  Frau Präsidentin Lagarde  werte Kollegen  „ Wenn Sie nicht grün sind  sind Sie unerwünscht  “ Diese Worte richtete Frank Elderson  einer von sechs Direktoren der EZB  jüngst an seine Belegschaft  Er fügte hinzu  „ Warum sollten wir Leute einstellen  die wir umprogrammieren müssen  “ Abseits des geradezu autoritären Charakters dieser Äußerungen sagt Elderson hiermit  dass der freie Geist der Beschäftigten zum Verständnis der grünen EZBZielsetzungen nicht ausreiche  Allerdings  Klimapolitik gehört auch definitiv nicht zum Aufgabenbereich der Zentralbank  Deren Mandat lautet nach den Verträgen  Preisstabilität zu gewährleisten  Was also ist von einer Zentralbank zu halten  die in Zeiten anhaltend hoher Inflation – das ist im Kern ihre einzige Aufgabe – den fatalen Eindruck erweckt  Klimarettungspolitik sei ihr Primärmandat,119
10,eu9_3763,Jörg Meuthen,2024-02-26,"Anstatt sich mit demokratisch nicht legitimierten und kompetenzrechtlich indiskutablen Unterstützungsmaßnahmen zur Klimapolitik zu beschäftigen, muss sich die EZB auf ihr Kernmandat besinnen. Damit hätte sie, wie vor allem die aktuelle Situation zeigt, weiß Gott genug zu tun.",Anstatt sich mit demokratisch nicht legitimierten und kompetenzrechtlich indiskutablen Unterstützungsmaßnahmen zur Klimapolitik zu beschäftigen  muss sich die EZB auf ihr Kernmandat besinnen  Damit hätte sie  wie vor allem die aktuelle Situation zeigt  weiß Gott genug zu tun,37
11,eu9_3844,Guido Reil,2024-02-26,"Eine Studie des amerikanischen Landwirtschaftsministeriums von 2020 hat vorhergesagt: Setzt Europa den Green Deal um, steigen die Pro-Kopf-Preise der Lebensmittel um 150 Dollar. Das haben sie 2020 vorhergesagt. Wer die Lebensmittelpreise senken will, der muss den Green Deal auf den Misthaufen der Geschichte schmeißen!",Eine Studie des amerikanischen Landwirtschaftsministeriums von 2020 hat vorhergesagt  Setzt Europa den Green Deal um  steigen die ProKopfPreise der Lebensmittel um 150   Dollar  Das haben sie 2020 vorhergesagt  Wer die Lebensmittelpreise senken will  der muss den Green Deal auf den Misthaufen der Geschichte schmeißen,44
12,eu9_4076,Sylvia Limmer,2024-02-07,"Herr Präsident! Und wieder stehen wütende Landwirte diese Woche vor dem Europäischen Parlament in Straßburg so wie letzte Woche in Brüssel. Müssen Ihnen tatsächlich erst Eier, Gülle oder brennendes Heu um die Ohren fliegen? Es geht nicht nur um die Aussetzung von Flächenstilllegungen, nicht nur um die von Ihnen geschaffene erstickende Bürokratie, um Mercosur und unfairen Wettbewerb; es geht nicht nur um gesetzlich festgelegte Bioquoten, Nutztierhaltungsverbote und Wolfspflege, die Überarbeitung des Verbots von Pflanzenschutzmitteln und so weiter und so fort. Landwirte sind schlicht praxisferne Politquacksalber mit ihrem Green Deal und deren Almosen leid. Und sie wollen sich nicht im Zuge einer völlig irren Klimarettung abwickeln lassen und zu CO2-Gärtnern degradieren lassen. Die Wirtschaft wandert vielleicht geräuschlos ab, die Landwirte aber sind mit ihrem Land verwachsen, und sie werden nicht weichen. Und sie lassen sich ab jetzt auch nicht mehr ignorieren.",Herr Präsident  Und wieder stehen wütende Landwirte diese Woche vor dem Europäischen Parlament in Straßburg so wie letzte Woche in Brüssel  Müssen Ihnen tatsächlich erst Eier  Gülle oder brennendes Heu um die Ohren fliegen  Es geht nicht nur um die Aussetzung von Flächenstilllegungen  nicht nur um die von Ihnen geschaffene erstickende Bürokratie  um Mercosur und unfairen Wettbewerb  es geht nicht nur um gesetzlich festgelegte Bioquoten  Nutztierhaltungsverbote und Wolfspflege  die Überarbeitung des Verbots von Pflanzenschutzmitteln und so weiter und so fort  Landwirte sind schlicht praxisferne Politquacksalber mit ihrem Green Deal und deren Almosen leid  Und sie wollen sich nicht im Zuge einer völlig irren Klimarettung abwickeln lassen und zu CO2Gärtnern degradieren lassen  Die Wirtschaft wandert vielleicht geräuschlos ab  die Landwirte aber sind mit ihrem Land verwachsen  und sie werden nicht weichen  Und sie lassen sich ab jetzt auch nicht mehr ignorieren,140
13,eu9_4281,Jörg Meuthen,2024-02-07,"Das ist unendlich beschämend. Und dagegen anzugehen, darf sich nicht auf Worthülsen eines „Nie wieder“ beschränken, sondern jeder Form des Judenhasses, der leider oft auch von muslimischen Migranten ausgeht, muss in aller gebotenen Entschlossenheit entgegengetreten werden.",Das ist unendlich beschämend  Und dagegen anzugehen  darf sich nicht auf Worthülsen eines „ Nie wieder “ beschränken  sondern jeder Form des Judenhasses  der leider oft auch von muslimischen Migranten ausgeht  muss in aller gebotenen Entschlossenheit entgegengetreten werden,38
14,eu9_4563,Gunnar Beck,2024-02-06,"Frau Präsidentin! You may have a pistol, but we have the bazooka – so beschrieb die Londoner Financial Times die Haltung der EU gegenüber Ungarn beim letzten EU-Gipfel. Die EU drohte Ungarn mit weiteren Sanktionen, dem Ende aller öffentlichen und privaten Investitionen und dem Zusammenbruch der ungarischen Währung. So wurde Viktor Orbán erpresst, grünes Licht für das 50–Milliarden–EUR–Finanzierungspaket für die Ukraine zu geben. Diese Erpressung, so twitterte Ursula von der Leyen, sei ein guter Tag für Europa. Wirklich gut war an diesem Tage, dass Tausende belgischer Bauern lautstark den Zugang zum Europäischen Parlament blockierten. Denn die 50 Milliarden hätten für die Landwirte ausgegeben werden können, die unter der EU-Klimapolitik leiden, oder für die vielen Familien, die wegen der hohen Inflation vor die Wahl gestellt werden, entweder zu heizen oder gesund zu essen.",Frau Präsidentin  You may have a pistol  but we have the bazooka   – so beschrieb die Londoner Financial Times die Haltung der EU gegenüber Ungarn beim letzten EUGipfel  Die EU drohte Ungarn mit weiteren Sanktionen  dem Ende aller öffentlichen und privaten Investitionen und dem Zusammenbruch der ungarischen Währung  So wurde Viktor Orbán erpresst  grünes Licht für das 50–Milliarden–EUR–Finanzierungspaket für die Ukraine zu geben  Diese Erpressung  so twitterte Ursula von der Leyen  sei ein guter Tag für Europa  Wirklich gut war an diesem Tage  dass Tausende belgischer Bauern lautstark den Zugang zum Europäischen Parlament blockierten  Denn die 50   Milliarden hätten für die Landwirte ausgegeben werden können  die unter der EUKlimapolitik leiden  oder für die vielen Familien  die wegen der hohen Inflation vor die Wahl gestellt werden  entweder zu heizen oder gesund zu essen,132
15,eu9_4563,Gunnar Beck,2024-02-06,"Stattdessen nun fließen die 50 Milliarden in die Taschen zumeist amerikanischer Rüstungskonzerne, jedenfalls so lange bis –hoffentlich – ein neuer und vielleicht auch alter US-Präsident dem ungleichen Kampf ein Ende macht. Ebenfalls an diesem angeblich guten Tag für Europa bewilligte die EU Dutzende Milliarden Kohäsionsmittel für die rasche Aufnahme und Verteilung weiterer Millionen illegaler Migranten und damit indirekt für die Zerstörung unserer Sozialsysteme. Denn der Sozialstaat, so die Berechnungen von Bernd Raffelhüschen und Jan van de Beek von den Universitäten Freiburg und Amsterdam, kann offene Grenzen nicht überleben. Ein guter Tag für Europa, das ist jeder Tag – jedenfalls für Sie –, an dem Sie Europa dem Abgrund einen Schritt näher bringen. Ich verfolge die EU-Politik aufmerksam seit 20 Jahren, aber ich kann mich nicht erinnern, dass Sie hier irgendwann einmal Politik für die Europäer machten.",Stattdessen nun fließen die 50   Milliarden in die Taschen zumeist amerikanischer Rüstungskonzerne  jedenfalls so lange bis   – hoffentlich   – ein neuer und vielleicht auch alter USPräsident dem ungleichen Kampf ein Ende macht  Ebenfalls an diesem angeblich guten Tag für Europa bewilligte die EU Dutzende Milliarden Kohäsionsmittel für die rasche Aufnahme und Verteilung weiterer Millionen illegaler Migranten und damit indirekt für die Zerstörung unserer Sozialsysteme  Denn der Sozialstaat  so die Berechnungen von Bernd Raffelhüschen und Jan van de Beek von den Universitäten Freiburg und Amsterdam  kann offene Grenzen nicht überleben  Ein guter Tag für Europa  das ist jeder Tag   – jedenfalls für Sie   –  an dem Sie Europa dem Abgrund einen Schritt näher bringen  Ich verfolge die EUPolitik aufmerksam seit 20   Jahren  aber ich kann mich nicht erinnern  dass Sie hier irgendwann einmal Politik für die Europäer machten,137
16,eu9_4736,Sylvia Limmer,2024-02-06,"Herr Präsident! Nicht nur, dass bis 2050 Netto-Null-CO2 erreicht werden soll und ab da sogar eine Entnahme von CO2 aus der Atmosphäre vorgesehen ist, mit dem aberwitzigen Ziel, dieses atmosphärische CO2 zu reduzieren. Nein, der politische Klimawahnsinn soll nun schon 2040 zu neuen Höhenflügen ansetzen: 90 % CO2-Reduktion im Vergleich zu 1990. Blicken wir in mein Land, den grünen Klimaweltmeister Deutschland: Die Deindustrialisierung schreitet munter voran, weil sich die Industrie die teuersten Strompreise weltweit dort nicht mehr leisten kann. Die CO2-Reduktion liegt trotzdem nur bei schlappen 36,8 %, weil der Strom an vielen Tagen im Jahr trotz erneuerbarer Rekord-Nennleistung – das ist die auf dem Papier – an vielen Tagen zu über 90 % aus Kohle, Gas und Erdöl kommt. Und in der EU? Da freuen wir uns dumm über sinkende CO2-Emissionen. Die EU hat aber nur einen Anteil von 9,5 % an den globalen CO2-Emissionen.",Herr Präsident  Nicht nur  dass bis 2050 NettoNullCO2 erreicht werden soll und ab da sogar eine Entnahme von CO2 aus der Atmosphäre vorgesehen ist  mit dem aberwitzigen Ziel  dieses atmosphärische CO2 zu reduzieren  Nein  der politische Klimawahnsinn soll nun schon 2040 zu neuen Höhenflügen ansetzen  90    CO2Reduktion im Vergleich zu 1990 Blicken wir in mein Land  den grünen Klimaweltmeister Deutschland  Die Deindustrialisierung schreitet munter voran  weil sich die Industrie die teuersten Strompreise weltweit dort nicht mehr leisten kann  Die CO2Reduktion liegt trotzdem nur bei schlappen 368     weil der Strom an vielen Tagen im Jahr trotz erneuerbarer RekordNennleistung   – das ist die auf dem Papier   – an vielen Tagen zu über 90    aus Kohle  Gas und Erdöl kommt  Und in der EU  Da freuen wir uns dumm über sinkende CO2Emissionen  Die EU hat aber nur einen Anteil von 95    an den globalen CO2Emissionen,142
17,eu9_4736,Sylvia Limmer,2024-02-06,"Und wir freuen uns über ein damit einhergehendes sinkendes Bruttoinlandsprodukt von im globalen Vergleich nur noch 14,3 %. Die BRICS-Staaten dagegen freuen sich über steigende CO2-Emissionen und ein steigendes globales BIP von inzwischen 32 %. Daher: Die grün-rote WEF-Politik einer Leyen-Truppe ist leider nichts anderes als der dümmste anzunehmende Wirtschaftsunfall in der Geschichte der EU.",Und wir freuen uns über ein damit einhergehendes sinkendes Bruttoinlandsprodukt von im globalen Vergleich nur noch 143     Die BRICSStaaten dagegen freuen sich über steigende CO2Emissionen und ein steigendes globales BIP von inzwischen 32     Daher  Die grünrote WEFPolitik einer LeyenTruppe ist leider nichts anderes als der dümmste anzunehmende Wirtschaftsunfall in der Geschichte der EU,53
18,eu9_5300,Joachim Kuhs,2024-01-18,"Eines würde ich aber gerne verbieten, und zwar den massiven Import lebender Schlachttiere aus aller Welt, wenn diese Tiere bei langen Tiertransporten schwere Verletzungen erleiden. Das ist einfach nur grausam. Liebe Kollegen, fast alle Länder der EU sind Agrarländer. Wir betreiben seit Jahrhunderten Landwirtschaft, und plötzlich soll die Landwirtschaft schlecht sein. Und wir fangen an, massiv Fleisch zu importieren. Das ist einfach nur verrückt, und wir müssen diesen Wahnsinn stoppen, bei dem unter dem Deckmantel des Klimawandels vom Fleischkonsum abgeraten wird und unsere Landwirtschaft zerstört wird. Das ist, als würde man den Italienern erklären, dass sie ihren Parmesan nicht mehr selbst herstellen dürfen, sondern Gouda importieren müssten, oder den Franzosen zu sagen, dass sie ihre eigenen Weine nicht mehr produzieren dürften, sondern deutsche Weine importieren müssten. Werte Kollegen, das würden Sie sich zu Recht nicht gefallen lassen.",Eines würde ich aber gerne verbieten  und zwar den massiven Import lebender Schlachttiere aus aller Welt  wenn diese Tiere bei langen Tiertransporten schwere Verletzungen erleiden  Das ist einfach nur grausam  Liebe Kollegen  fast alle Länder der EU sind Agrarländer  Wir betreiben seit Jahrhunderten Landwirtschaft  und plötzlich soll die Landwirtschaft schlecht sein  Und wir fangen an  massiv Fleisch zu importieren  Das ist einfach nur verrückt  und wir müssen diesen Wahnsinn stoppen  bei dem unter dem Deckmantel des Klimawandels vom Fleischkonsum abgeraten wird und unsere Landwirtschaft zerstört wird  Das ist  als würde man den Italienern erklären  dass sie ihren Parmesan nicht mehr selbst herstellen dürfen  sondern Gouda importieren müssten  oder den Franzosen zu sagen  dass sie ihre eigenen Weine nicht mehr produzieren dürften  sondern deutsche Weine importieren müssten  Werte Kollegen  das würden Sie sich zu Recht nicht gefallen lassen,137
19,eu9_5443,Gunnar Beck,2024-01-17,"Die Folge: Die Schuldenspirale wird weiter angeheizt, denn für noch höhere Schulden Einzelner haften alle gemeinsam – über höhere Inflation, die Erspartes und Einkommen überall im Euroraum entwertet. Schulden können Wachstum schaffen, wenn sie Investitionen in Zukunftstechnologien fördern. Doch Ihre Schuldenpolitik hier finanziert Klimarettung und Massenmigration – mit exponentiell steigenden Kosten – ohne Wertschöpfung. Ex-EZB-Chef Draghi sagte einmal, der Euro sei ein Wunder – so wie die Hummel, die fliege, obwohl sie es nach den Gesetzen der Aerodynamik nicht können dürfe. Die Hummel fliegt wirklich, aber nicht aus Willenskraft, sondern im Einklang mit den Naturgesetzen. Ihr Euro... (Der Präsident unterbricht den Redner.)",Die Folge  Die Schuldenspirale wird weiter angeheizt  denn für noch höhere Schulden Einzelner haften alle gemeinsam   – über höhere Inflation  die Erspartes und Einkommen überall im Euroraum entwertet  Schulden können Wachstum schaffen  wenn sie Investitionen in Zukunftstechnologien fördern  Doch Ihre Schuldenpolitik hier finanziert Klimarettung und Massenmigration   – mit exponentiell steigenden Kosten   – ohne Wertschöpfung  ExEZBChef Draghi sagte einmal  der Euro sei ein Wunder   – so wie die Hummel  die fliege  obwohl sie es nach den Gesetzen der Aerodynamik nicht können dürfe  Die Hummel fliegt wirklich  aber nicht aus Willenskraft  sondern im Einklang mit den Naturgesetzen  Ihr Euro   Der Präsident unterbricht den Redner,102
20,eu9_5526,Christine Anderson,2024-01-17,"Herr Präsident, meine Damen und Herren! Ich hoffe, Sie sind heute hier, um in den Spiegel zu schauen und sich zu fragen: Sind Sie wirklich stolz auf das, was Sie erreicht haben? Stolz auf Ihre vielen Anträge, Initiativen in dieser Legislatur? Das Leitmotiv, das Ursula von der Leyen zu Beginn vorausschickte: Green Deal über alles. Ja, es hat tiefe Spuren hinterlassen. Tränen der Freude sind hier in diesem Hause geflossen, als Sie den Klimanotstand ausgerufen haben und damit eine weitere Grundlage schufen, um die Bürger zahlen, zahlen und nochmals zahlen zu lassen. Nun, das Ergebnis sieht man in Deutschland. Unsere Wirtschaft liegt am Boden, eine Pleitewelle überrollt das Land. Gleichzeitig nehmen Sie hunderttausende Landwirte, Spediteure, Unternehmer und Bürger aus wie die Weihnachtsgänse. Die Bürger haben die Nase gestrichen voll und sie gehen endlich auf die Straße. Zu Recht! Denn es kann so nicht weitergehen!",Herr Präsident  meine Damen und Herren  Ich hoffe  Sie sind heute hier  um in den Spiegel zu schauen und sich zu fragen  Sind Sie wirklich stolz auf das  was Sie erreicht haben  Stolz auf Ihre vielen Anträge  Initiativen in dieser Legislatur  Das Leitmotiv  das Ursula von der Leyen zu Beginn vorausschickte    Green Deal   über alles  Ja  es hat tiefe Spuren hinterlassen  Tränen der Freude sind hier in diesem Hause geflossen  als Sie den Klimanotstand ausgerufen haben und damit eine weitere Grundlage schufen  um die Bürger zahlen  zahlen und nochmals zahlen zu lassen  Nun  das Ergebnis sieht man in Deutschland  Unsere Wirtschaft liegt am Boden  eine Pleitewelle überrollt das Land  Gleichzeitig nehmen Sie hunderttausende Landwirte  Spediteure  Unternehmer und Bürger aus wie die Weihnachtsgänse  Die Bürger haben die Nase gestrichen voll und sie gehen endlich auf die Straße  Zu Recht  Denn es kann so nicht weitergehen,144
21,eu9_5874,Jörg Meuthen,2024-01-16,"Und ich bitte Sie inständig: Sorgen Sie in Ihrem Land dafür, dass Israelfeindlichkeit und Antisemitismus energisch Einhalt geboten wird. Das gebietet die Verantwortung, die mit der Ratspräsidentschaft Ihres Landes einhergeht.",Und ich bitte Sie inständig  Sorgen Sie in Ihrem Land dafür  dass Israelfeindlichkeit und Antisemitismus energisch Einhalt geboten wird  Das gebietet die Verantwortung  die mit der Ratspräsidentschaft Ihres Landes einhergeht,30
22,eu9_6047,Bernhard Zimniok,2024-01-16,"Will die EU einen echten Beitrag zum Frieden leisten, dann muss sie die Unterstützung der Palästinenser endlich komplett und dauerhaft einstellen.",Will die EU einen echten Beitrag zum Frieden leisten  dann muss sie die Unterstützung der Palästinenser endlich komplett und dauerhaft einstellen,21
23,eu9_6190,Gunnar Beck,2024-01-16,"Dieses Hoheitsrecht will das EU-Parlament den Mitgliedstaaten nun entziehen, durch Harmonisierung des nationalen Einbürgerungsrechts. Von der Leyens und Johanssons Massenmigration soll so irreversibel gemacht werden. Wer Kalkutta hierhin holt, hilft nicht Kalkutta, sondern wird selbst zu Kalkutta. Ihre Politik macht ganz Europa zum Schwellenland, und zwar auf dem Wege von der Ersten in die Dritte Welt.",Dieses Hoheitsrecht will das EUParlament den Mitgliedstaaten nun entziehen  durch Harmonisierung des nationalen Einbürgerungsrechts  Von der Leyens und Johanssons Massenmigration soll so irreversibel gemacht werden  Wer Kalkutta hierhin holt  hilft nicht Kalkutta  sondern wird selbst zu Kalkutta  Ihre Politik macht ganz Europa zum Schwellenland  und zwar auf dem Wege von der Ersten in die Dritte Welt,56
24,eu9_6476,Sylvia Limmer,2023-12-14,"Herr Präsident! Wie wären eigentlich die 70 000 Teilnehmer der Klimakonferenz ohne fossile Energiequellen nach Dubai gekommen? Wohl kaum mit dem Lastenfahrrad. Es ist also auch für die Klima-Berufsheulsusen gut, dass kein verbindlicher Ausstieg aus fossilen Energieträgern beschlossen wurde und Kernenergie als Lösung gesehen wird. Beide sind sowohl Primärenergiequellen als auch jederzeit bedarfsgerecht verfügbar, ganz im Gegensatz zu elektrischer Energie oder den sogenannten volatilen Erneuerbaren. Übrigens wird – abhängig vom atmosphärischen CO2-Gehalt – über die Hälfte der anthropogenen CO2-Emissionen von Pflanzen oder Ozeanen resorbiert. Selbst wenn man also die absurde Idee hat, CO2 sei der alleinige Klimatreiber, bedeutet Netto-Null eben nicht null menschliche Emissionen. Zu dieser Erkenntnis bedürfte es aber zumindest einer basalen naturwissenschaftlichen Intelligenz. Die kann ich leider bei der Majorität nicht erkennen.",Herr Präsident  Wie wären eigentlich die 70   000 Teilnehmer der Klimakonferenz ohne fossile Energiequellen nach Dubai gekommen  Wohl kaum mit dem Lastenfahrrad  Es ist also auch für die KlimaBerufsheulsusen gut  dass kein verbindlicher Ausstieg aus fossilen Energieträgern beschlossen wurde und Kernenergie als Lösung gesehen wird  Beide sind sowohl Primärenergiequellen als auch jederzeit bedarfsgerecht verfügbar  ganz im Gegensatz zu elektrischer Energie oder den sogenannten volatilen Erneuerbaren  Übrigens wird   – abhängig vom atmosphärischen CO2Gehalt   – über die Hälfte der anthropogenen CO2Emissionen von Pflanzen oder Ozeanen resorbiert  Selbst wenn man also die absurde Idee hat  CO2 sei der alleinige Klimatreiber  bedeutet NettoNull eben nicht null menschliche Emissionen  Zu dieser Erkenntnis bedürfte es aber zumindest einer basalen naturwissenschaftlichen Intelligenz  Die kann ich leider bei der Majorität nicht erkennen,124
25,eu9_7023,Markus Buchheit,2023-12-12,"Herr Präsident, meine Damen und Herren! Es hätte wohl keiner hellseherischen Fähigkeiten in der Vergangenheit bedurft, um vorauszusehen, dass wir in der heutigen Zeit in eine Schieflage geraten, was die Versorgung mit kritischen Rohstoffen und Materialien angeht. Und stattdessen finden wir uns heute wieder und doktern doch nur an den Symptomen herum, wie in der Vergangenheit auch. Die Symptome, das ist das, was wir gerade sehen, aber die eigentlichen Ursachen, die liegen doch ganz woanders, nämlich in ideologieüberfrachteten Handelsabkommen, wie wir sie in der Vergangenheit bereits gehabt haben. Deswegen sollten wir doch so ehrlich zu unseren Managern und Angestellten, Arbeitnehmern und Arbeitern und all denen sein, die in der Industrie tätig sind, und sagen: Hier in diesem Hause, da geht nach wie vor Ideologie vor Industrie.",Herr Präsident  meine Damen und Herren  Es hätte wohl keiner hellseherischen Fähigkeiten in der Vergangenheit bedurft  um vorauszusehen  dass wir in der heutigen Zeit in eine Schieflage geraten  was die Versorgung mit kritischen Rohstoffen und Materialien angeht  Und stattdessen finden wir uns heute wieder und doktern doch nur an den Symptomen herum  wie in der Vergangenheit auch  Die Symptome  das ist das  was wir gerade sehen  aber die eigentlichen Ursachen  die liegen doch ganz woanders  nämlich in ideologieüberfrachteten Handelsabkommen  wie wir sie in der Vergangenheit bereits gehabt haben  Deswegen sollten wir doch so ehrlich zu unseren Managern und Angestellten  Arbeitnehmern und Arbeitern und all denen sein  die in der Industrie tätig sind  und sagen  Hier in diesem Hause  da geht nach wie vor Ideologie vor Industrie,126
26,eu9_7114,Sylvia Limmer,2023-12-12,"Brüssel und die halbe Welt wissen es in Zukunft, und eine nicht gewählte Kommission kann jederzeit neu zu erhebende Daten hierzu erfinden. Selbst Daten, die vor Inkrafttreten der Patientenakte erhoben wurden, können nachträglich eingearbeitet werden. Wer Gesundheitsberufen den Zugang zu seinen Daten beschränkt, der soll mit der Einschränkung der ärztlichen Haftung bestraft werden. Und der Widerspruch zur sogenannten Sekundärnutzung, also zur unkontrollierten Weitergabe der gesammelten Daten an Politik, Forschung und Big Pharma, ist löchrig wie Schweizer Käse, denn zum Schutz von anderen Personen – COVID lässt hier schön grüßen – und bei anderweitigen Notständen, die die Kommission ausruft, ist Schluss damit – Notstände wie eine Beeinträchtigung wirtschaftlicher Vermögenswerte der Union oder die Klimakrise. Es ist nicht nur das Ende unserer Krankenkassen-Solidargemeinschaft und der Anfang einer Selber-Schuld-Medizin.",Brüssel und die halbe Welt wissen es in Zukunft  und eine nicht gewählte Kommission kann jederzeit neu zu erhebende Daten hierzu erfinden  Selbst Daten  die vor Inkrafttreten der Patientenakte erhoben wurden  können nachträglich eingearbeitet werden  Wer Gesundheitsberufen den Zugang zu seinen Daten beschränkt  der soll mit der Einschränkung der ärztlichen Haftung bestraft werden  Und der Widerspruch zur sogenannten Sekundärnutzung  also zur unkontrollierten Weitergabe der gesammelten Daten an Politik  Forschung und Big Pharma  ist löchrig wie Schweizer Käse  denn zum Schutz von anderen Personen   – COVID lässt hier schön grüßen   – und bei anderweitigen Notständen  die die Kommission ausruft  ist Schluss damit   – Notstände wie eine Beeinträchtigung wirtschaftlicher Vermögenswerte der Union oder die Klimakrise  Es ist nicht nur das Ende unserer KrankenkassenSolidargemeinschaft und der Anfang einer SelberSchuldMedizin,126
27,eu9_8751,Markus Buchheit,2023-11-20,"Die Schicksale von SolarWorld und Conergy sind lange her. Wir, die Kontinentaleuropäer, bekommen am Ende vielleicht tatsächlich unsere Netto-Null-Industrie – nur anders, als in diesem Bericht beschrieben.",Die Schicksale von SolarWorld und Conergy sind lange her  Wir  die Kontinentaleuropäer  bekommen am Ende vielleicht tatsächlich unsere NettoNullIndustrie   – nur anders  als in diesem Bericht beschrieben,27
28,eu9_8854,Gunnar Beck,2023-11-20,"Herr Präsident! 60 Milliarden Euro zur Bewältigung der Coronakrise hätten nicht in den Klimafonds fließen dürfen – so urteilte das deutsche Verfassungsgericht letzte Woche. Denn, so das Gericht, Schulden, die für eine akute Notlage aufgenommen wurden, dürfen nicht zweckentfremdet werden – das sei ein Verstoß gegen die Schuldenbremse in Deutschland. Die deutsche Ampel-Regierung muss jetzt einen neuen Taschenspielertrick für ihre Schattenhaushalte finden. Helfen dabei soll von der Leyens illegal schuldenfinanziertes 800-Milliarden-Euro-NextGenerationEU- und -Corona-Wiederaufbauprogramm, von dem bereits ein Drittel zweckfrei, zweckfremd in Klima-Klimbim fließt, und bald noch mehr. Die EU bleibt sich also treu: Sie schafft scheindemokratische Schleichwege zur Umgehung nationaler Entscheidungen für Fantasieprojekte, die scheitern müssen, weil ihnen jedes Maß und Vernunft fehlt.",Herr Präsident  60   Milliarden Euro zur Bewältigung der Coronakrise hätten nicht in den Klimafonds fließen dürfen   – so urteilte das deutsche Verfassungsgericht letzte Woche  Denn  so das Gericht  Schulden  die für eine akute Notlage aufgenommen wurden  dürfen nicht zweckentfremdet werden   – das sei ein Verstoß gegen die Schuldenbremse in Deutschland  Die deutsche AmpelRegierung muss jetzt einen neuen Taschenspielertrick für ihre Schattenhaushalte finden  Helfen dabei soll von der Leyens illegal schuldenfinanziertes 800MilliardenEuroNextGenerationEU und CoronaWiederaufbauprogramm  von dem bereits ein Drittel zweckfrei  zweckfremd in KlimaKlimbim fließt  und bald noch mehr  Die EU bleibt sich also treu  Sie schafft scheindemokratische Schleichwege zur Umgehung nationaler Entscheidungen für Fantasieprojekte  die scheitern müssen  weil ihnen jedes Maß und Vernunft fehlt,113
29,eu9_9021,Bernhard Zimniok,2023-11-08,Stoppen wir gemeinsam diese Terrorfinanzierung und verhängen den längst überfälligen Aufnahmestopp für Asylbewerber – auch für Palästinenser.,Stoppen wir gemeinsam diese Terrorfinanzierung und verhängen den längst überfälligen Aufnahmestopp für Asylbewerber – auch für Palästinenser,17
30,eu9_9132,Sylvia Limmer,2023-11-08,"Begnügen wir uns also mit schlechter Politik um des Kompromisses willen? Dafür sind wir nicht gewählt worden. In Umkehrung des hier allseits beliebten Spruches sollte es besser heißen: „Let‘s leave those green socialists behind.“ Wir müssen diesen gefährlichen grün-sozialistischen Utopisten kategorisch die rote Karte zeigen, wenn wir nicht unsere wirtschaftliche Zukunft – und dazu zählt auch unsere Autoindustrie – verspielen wollen.",Begnügen wir uns also mit schlechter Politik um des Kompromisses willen  Dafür sind wir nicht gewählt worden  In Umkehrung des hier allseits beliebten Spruches sollte es besser heißen  „ Let ‘ s leave those green socialists behind  “ Wir müssen diesen gefährlichen grünsozialistischen Utopisten kategorisch die rote Karte zeigen  wenn wir nicht unsere wirtschaftliche Zukunft –   und dazu zählt auch unsere Autoindustrie   – verspielen wollen,65
31,eu9_9334,Guido Reil,2023-10-19,"Wieder sollen viele hunderte Millionen Euro investiert werden, um die Klimaneutralität der Sozialwirtschaft herzustellen. Meine Frau arbeitet in der Pflege, ich kann Ihnen versichern, die haben da ganz andere Sorgen. Und zwar alle Mitarbeiter im Pflegebereich haben ganz andere Sorgen als die Klimaneutralität. Diese EU und dieses Parlament zeigen damit wieder mal ganz eindrucksvoll, wie völlig abgehoben, weltfremd und auch asozial hier agiert wird. Denn andere Dinge sind viel wichtiger. Noch mal ein anderer Hinweis: Worüber reden wir bei der Sozialwirtschaft? Wir reden hier über den größten Arbeitgeber Deutschlands – 2 Millionen Mitarbeiter, mit einem Umsatz von 20 Milliarden Euro. Das hat sich in den letzten zehn Jahren übrigens fast verdoppelt, und es gibt auch neue Einnahmequellen. Es gibt auf einmal Unterbringung von Flüchtlingen, es gibt Migrationsmaßnahmen und es gibt den Kampf gegen rechts, der sehr großzügig finanziert wird. Also all dies ist Irrsinn. Die Kosten explodieren.",Wieder sollen viele hunderte Millionen Euro investiert werden  um die Klimaneutralität der Sozialwirtschaft herzustellen  Meine Frau arbeitet in der Pflege  ich kann Ihnen versichern  die haben da ganz andere Sorgen  Und zwar alle Mitarbeiter im Pflegebereich haben ganz andere Sorgen als die Klimaneutralität  Diese EU und dieses Parlament zeigen damit wieder mal ganz eindrucksvoll  wie völlig abgehoben  weltfremd und auch asozial hier agiert wird  Denn andere Dinge sind viel wichtiger  Noch mal ein anderer Hinweis  Worüber reden wir bei der Sozialwirtschaft  Wir reden hier über den größten Arbeitgeber Deutschlands – 2   Millionen Mitarbeiter  mit einem Umsatz von 20   Milliarden Euro  Das hat sich in den letzten zehn Jahren übrigens fast verdoppelt  und es gibt auch neue Einnahmequellen  Es gibt auf einmal Unterbringung von Flüchtlingen  es gibt Migrationsmaßnahmen und es gibt den Kampf gegen rechts  der sehr großzügig finanziert wird  Also all dies ist Irrsinn  Die Kosten explodieren,147
32,eu9_9334,Guido Reil,2023-10-19,"Und wenn wir dem Sozialsystem helfen wollen, müssen wir die illegale Migration beenden, und wir müssen endlich den Mitarbeitern unsere Unterstützung geben – und den Patienten.",Und wenn wir dem Sozialsystem helfen wollen  müssen wir die illegale Migration beenden  und wir müssen endlich den Mitarbeitern unsere Unterstützung geben – und den Patienten,26
33,eu9_9519,Maximilian Krah,2023-10-18,"Sie bringt eine Verortung zurück gegen eine EU, die bislang eine völlig entortete und nicht verortete Außenpolitik gemacht hat, und ist damit das Gegenteil von wertebasierter und feministischer Außenpolitik.",Sie bringt eine Verortung zurück gegen eine EU  die bislang eine völlig entortete und nicht verortete Außenpolitik gemacht hat  und ist damit das Gegenteil von wertebasierter und feministischer Außenpolitik,29
34,eu9_9568,Joachim Kuhs,2023-10-18,"Unsere Wähler verdienen nichts Geringeres, und ich bin auf deren Antwort am 9. Juni 2024 gespannt.",Unsere Wähler verdienen nichts Geringeres  und ich bin auf deren Antwort am 9   Juni 2024 gespannt,16
35,eu9_9849,Bernhard Zimniok,2023-10-17,Das unnötige Massensterben von Ukrainern und Russen wird nur durch Verhandlungen beendet.,Das unnötige Massensterben von Ukrainern und Russen wird nur durch Verhandlungen beendet,12
36,eu9_10009,Gunnar Beck,2023-10-17,"Frau Präsidentin! Seit 2010 fällt die EU wirtschaftlich immer weiter hinter Nordamerika, Australien und den Fernen Osten zurück. Offensichtlich reagiert die EU auf jede Krise – sei es COVID, Ukraine, Energie oder die sogenannte Weltklimakrise – mit mehr Erregung, aber weniger Erfolg als der Rest der Welt. Wo liegen Ihre Prioritäten bis zur Europawahl? Erstens: Bis Ende 2023 werden in der EU bereits fast eine Million Asylanträge gestellt worden sein. Dennoch planen Sie einen neuen EU-Migrationspakt, der noch mehr unqualifizierte Migranten aus Afrika und dem Orient hierhin holen soll. Zweitens: Der Ukrainekrieg und unsere Sanktionen haben die EU in die Stagflation gestürzt. Dennoch wollen Sie weiterhin dutzende Milliarden in ausländische Konflikte stecken, während Millionen Europäer ihre Heiz- und Haushaltskosten nicht mehr zahlen können. Drittens: Ihre experimentelle Energiepolitik, die unsere Wirtschaft wettbewerbsunfähig macht und unsere Bürger ruiniert.",Frau Präsidentin  Seit 2010 fällt die EU wirtschaftlich immer weiter hinter Nordamerika  Australien und den Fernen Osten zurück  Offensichtlich reagiert die EU auf jede Krise – sei es COVID  Ukraine  Energie oder die sogenannte Weltklimakrise   – mit mehr Erregung  aber weniger Erfolg als der Rest der Welt  Wo liegen Ihre Prioritäten bis zur Europawahl  Erstens  Bis Ende 2023 werden in der EU bereits fast eine   Million Asylanträge gestellt worden sein  Dennoch planen Sie einen neuen EUMigrationspakt  der noch mehr unqualifizierte Migranten aus Afrika und dem Orient hierhin holen soll  Zweitens  Der Ukrainekrieg und unsere Sanktionen haben die EU in die Stagflation gestürzt  Dennoch wollen Sie weiterhin dutzende Milliarden in ausländische Konflikte stecken  während Millionen Europäer ihre Heiz und Haushaltskosten nicht mehr zahlen können  Drittens  Ihre experimentelle Energiepolitik  die unsere Wirtschaft wettbewerbsunfähig macht und unsere Bürger ruiniert,136
37,eu9_10009,Gunnar Beck,2023-10-17,"Dennoch wollen Sie die grüne Transformation beschleunigen. All das kostet mehr Geld, das Sie nicht haben und unsere Bürger erst erarbeiten müssen mit Arbeitsplätzen, die Ihre Politik aufs Spiel setzt. Stattdessen: Konzentrieren Sie sich bitte endlich auf das Wesentliche! Wir brauchen mehr Wettbewerbsfähigkeit für mehr Wohlstand, denn im Vergleich zur Weltspitze spielt die EU wirtschaftlich zurzeit allenfalls im oberen Drittel der zweiten Liga.",Dennoch wollen Sie die grüne Transformation beschleunigen  All das kostet mehr Geld  das Sie nicht haben und unsere Bürger erst erarbeiten müssen mit Arbeitsplätzen  die Ihre Politik aufs Spiel setzt  Stattdessen  Konzentrieren Sie sich bitte endlich auf das Wesentliche  Wir brauchen mehr Wettbewerbsfähigkeit für mehr Wohlstand  denn im Vergleich zur Weltspitze spielt die EU wirtschaftlich zurzeit allenfalls im oberen Drittel der zweiten Liga,63
38,eu9_10281,Bernhard Zimniok,2023-10-16,"Die EU reagiert also nach dem Motto, das bereits in der Finanzkrise angewendet wurde: Gewinne privatisieren, Verluste sozialisieren. Der europäische Steuerzahler soll die Verluste unter anderem durch diese 50 Milliarden Euro schwere Ukraine-Fazilität übernehmen, der ukrainische Bürger wird ausgebeutet. Im Gegenzug übernehmen die US-Wirtschaft und die ukrainische Elite die Gewinne. Vielleicht dämmert es dem einen oder anderen langsam, was wirklich hinter diesem Krieg steckt. Wer diesem Plan zustimmt, macht sich wie die EU zum Büttel der globalen Finanzelite und verrät damit die Interessen der europäischen und ukrainischen Bürger.",Die EU reagiert also nach dem Motto  das bereits in der Finanzkrise angewendet wurde  Gewinne privatisieren  Verluste sozialisieren  Der europäische Steuerzahler soll die Verluste unter anderem durch diese 50   Milliarden Euro schwere UkraineFazilität übernehmen  der ukrainische Bürger wird ausgebeutet  Im Gegenzug übernehmen die USWirtschaft und die ukrainische Elite die Gewinne  Vielleicht dämmert es dem einen oder anderen langsam  was wirklich hinter diesem Krieg steckt  Wer diesem Plan zustimmt  macht sich wie die EU zum Büttel der globalen Finanzelite und verrät damit die Interessen der europäischen und ukrainischen Bürger,88
39,eu9_10460,Sylvia Limmer,2023-10-05,Letzteres lässt sich ja auch prima als landwirtschaftliche Bodenbelastung den Landwirten in die Schuhe schieben. Also alles wie immer.,Letzteres lässt sich ja auch prima als landwirtschaftliche Bodenbelastung den Landwirten in die Schuhe schieben  Also alles wie immer,19
40,eu9_10531,Joachim Kuhs,2023-10-05,"Ich weiß, Herr Kommissar, Sie können hier nicht die ganze Welt retten, das ist unmöglich, das kann keiner von uns. Aber bitte sorgen Sie dafür, dass die Arbeit dieser Menschen erträglicher, dass sie lebenswerter wird und dass es vor allem eben nicht noch mehr Vorschriften gibt. Es gibt schon zu viele Vorschriften, und wir können nicht jetzt noch da draufsetzen und noch mehr Vorschriften machen, damit machen wir das Leben der Lkw-Fahrer nur noch schwerer.",Ich weiß  Herr Kommissar  Sie können hier nicht die ganze Welt retten  das ist unmöglich  das kann keiner von uns  Aber bitte sorgen Sie dafür  dass die Arbeit dieser Menschen erträglicher  dass sie lebenswerter wird und dass es vor allem eben nicht noch mehr Vorschriften gibt  Es gibt schon zu viele Vorschriften  und wir können nicht jetzt noch da draufsetzen und noch mehr Vorschriften machen  damit machen wir das Leben der LkwFahrer nur noch schwerer,75
41,eu9_10625,Bernhard Zimniok,2023-10-04,"Werte Kollegen, wer diesem Migrationspakt aus diesem steuerfinanzierten Elfenbeinturm heraus zustimmt, verrät hingegen bewusst und aktiv die Interessen derjenigen, die Sie gewählt haben.",Werte Kollegen  wer diesem Migrationspakt aus diesem steuerfinanzierten Elfenbeinturm heraus zustimmt  verrät hingegen bewusst und aktiv die Interessen derjenigen  die Sie gewählt haben,23
42,eu9_10707,Guido Reil,2023-10-04,"Frau Präsidentin, liebe Kolleginnen und Kollegen! Wir reden heute über angemessenen Wohnraum für alle, ein wichtiges Thema, denn die Mieten explodieren, und Wohnraum wird immer knapper. In Deutschland haben 11 Millionen Haushalte einen Wohnberechtigungsschein, aber nur 10 Prozent von ihnen eine Sozialwohnung. Die Ampel-Regierung hat versprochen, 400 000 neue Wohnungen zu bauen. Geworden sind es bis jetzt 20, und mehr werden es auch nicht mehr werden, denn der Wohnungsbau bricht gerade zusammen. Woran liegt das? Es liegt natürlich an den fragwürdigen Klimaschutzmaßnahmen, an den Auflagen, und es liegt natürlich auch daran, dass wir uns die höchsten Energiepreise der Welt leisten. Bauen ist nicht mehr bezahlbar! Gleichzeitig erleben wir, dass die Zahl der Wohnungslosen sich im letzten Jahr verdoppelt hat. Mittlerweile sind 370 000 Menschen in Deutschland wohnungslos. Woran liegt das? Die Zahl der illegalen Flüchtlinge liegt mittlerweile wieder auf dem Niveau von 2015.",Frau Präsidentin  liebe Kolleginnen und Kollegen  Wir reden heute über angemessenen Wohnraum für alle  ein wichtiges Thema  denn die Mieten explodieren  und Wohnraum wird immer knapper  In Deutschland haben 11   Millionen Haushalte einen Wohnberechtigungsschein  aber nur 10   Prozent von ihnen eine Sozialwohnung  Die AmpelRegierung hat versprochen  400   000 neue Wohnungen zu bauen  Geworden sind es bis jetzt 20  und mehr werden es auch nicht mehr werden  denn der Wohnungsbau bricht gerade zusammen  Woran liegt das  Es liegt natürlich an den fragwürdigen Klimaschutzmaßnahmen  an den Auflagen  und es liegt natürlich auch daran  dass wir uns die höchsten Energiepreise der Welt leisten  Bauen ist nicht mehr bezahlbar  Gleichzeitig erleben wir  dass die Zahl der Wohnungslosen sich im letzten Jahr verdoppelt hat  Mittlerweile sind 370   000 Menschen in Deutschland wohnungslos  Woran liegt das  Die Zahl der illegalen Flüchtlinge liegt mittlerweile wieder auf dem Niveau von 2015,143
43,eu9_10801,Sylvia Limmer,2023-10-04,"Selbst Wasser wirkt letal, Sie müssen einfach nur genug davon inkorporieren. Toxisch sind dagegen viele im Biolandbau zugelassenen Substanzen, zum Beispiel das erwiesenermaßen auch für den Menschen neurotoxische Pyrethrin. Es tötet auch zuverlässig die Verwandten von Biene Maja und Onkel Willi. Es bleibt also zu hoffen, dass die Kommission ihren eigenen Leitspruch „Follow the science“ befolgt und Glyphosat die Wiederzulassung erteilt.",Selbst Wasser wirkt letal  Sie müssen einfach nur genug davon inkorporieren  Toxisch sind dagegen viele im Biolandbau zugelassenen Substanzen  zum Beispiel das erwiesenermaßen auch für den Menschen neurotoxische Pyrethrin  Es tötet auch zuverlässig die Verwandten von Biene Maja und Onkel Willi  Es bleibt also zu hoffen  dass die Kommission ihren eigenen Leitspruch „ Follow the science “ befolgt und Glyphosat die Wiederzulassung erteilt,63
44,eu9_10970,Bernhard Zimniok,2023-10-04,"Herr Borrell sollte daher doch bitte bei den Verantwortlichen − also den USA − um eine Lösung des Problems nachsuchen. Und noch ein Wort dazu, werte Kollegen: Sie werden mit Ihren moralischen Vorstellungen dieses Land nicht verändern. Das kann ich Ihnen sagen, ich habe dort Jahre gelebt.",Herr Borrell sollte daher doch bitte bei den Verantwortlichen   − also den USA   − um eine Lösung des Problems nachsuchen  Und noch ein Wort dazu  werte Kollegen  Sie werden mit Ihren moralischen Vorstellungen dieses Land nicht verändern  Das kann ich Ihnen sagen  ich habe dort Jahre gelebt,47
45,eu9_11026,Joachim Kuhs,2023-10-03,"Dass Sie aber, werter Herr Kommissar, mit dieser Halbzeitüberprüfung immer mehr Geld fordern für die Masseneinwanderung, für den Klimawahnsinn und 50 Milliarden dann auch noch für die Ukraine, das müssen wir nächstes Jahr unseren Wählern erklären, und da bin ich gespannt, was die dazu zu sagen haben. Machen wir es doch einfach wie letzte Woche die Amerikaner: Die haben einfach die für den Ukrainekrieg eingeplanten zig Milliarden komplett gestrichen, und schon gab es eine Einigung über den Haushalt in letzter Sekunde. Lieber Herr Kommissar, ziehen auch Sie die Reißleine. Streichen Sie die Unterstützung für die weitere Verlängerung des Krieges in der Ukraine. Sie würden sich dadurch den Friedensnobelpreis für die EU nachträglich verdienen − und zwar ehrlich verdienen − und dem mehrjährigen Finanzrahmen die notwendige Luft zum Atmen verschaffen.",Dass Sie aber  werter Herr Kommissar  mit dieser Halbzeitüberprüfung immer mehr Geld fordern für die Masseneinwanderung  für den Klimawahnsinn und 50   Milliarden dann auch noch für die Ukraine  das müssen wir nächstes Jahr unseren Wählern erklären  und da bin ich gespannt  was die dazu zu sagen haben  Machen wir es doch einfach wie letzte Woche die Amerikaner  Die haben einfach die für den Ukrainekrieg eingeplanten zig Milliarden komplett gestrichen  und schon gab es eine Einigung über den Haushalt in letzter Sekunde  Lieber Herr Kommissar  ziehen auch Sie die Reißleine  Streichen Sie die Unterstützung für die weitere Verlängerung des Krieges in der Ukraine  Sie würden sich dadurch den Friedensnobelpreis für die EU nachträglich verdienen   − und zwar ehrlich verdienen   − und dem mehrjährigen Finanzrahmen die notwendige Luft zum Atmen verschaffen,129
46,eu9_11176,Gunnar Beck,2023-10-03,"Die Deutschen, so Außenministerin Baerbock, wollten diese umfassende Fährverbindung von Afrika nach Europa. Die Wahrheit ist: Niemand von Sinnen will das, und laut einer INSA-Meinungsumfrage von vor zwei Jahren wollen 80 % aller Europäer sichere − nicht offene − Außengrenzen. Denn jeder Afrikaner, den sie hierher holen, kostet einen modernen Sozialstaat im Schnitt 14 000 EUR jedes Jahr.",Die Deutschen  so Außenministerin Baerbock  wollten diese umfassende Fährverbindung von Afrika nach Europa  Die Wahrheit ist  Niemand von Sinnen will das  und laut einer INSAMeinungsumfrage von vor zwei Jahren wollen 80    aller Europäer sichere   − nicht offene   − Außengrenzen  Denn jeder Afrikaner  den sie hierher holen  kostet einen modernen Sozialstaat im Schnitt 14   000   EUR jedes Jahr,57
47,eu9_11483,Gunnar Beck,2023-10-03,"Herr Präsident! Seit Anfang 2022 hat die EZB ihre Zinsen zehnmal minimal erhöht. Dennoch bleibt das Euro-Zinsniveau deutlich unter der deutschen Inflationsrate von 6,4 %. Andererseits liegt es klar über der spanischen Inflation von 2,4 %. Europa steht gewissermaßen auf dem Kopf. Im traditionell hochinflationären Süden sinkt die Inflation, im vordem gesunden Deutschland explodieren Energie- und Lebensmittelpreise. Der Grund ist klar: Deutschland hat die dümmste Energie-, Klimarettungs- und Migrationspolitik weltweit. Die Bundesbank mahnt deshalb weitere Zinserhöhungen an, um die Inflation zu senken, die Südstaaten wollen das Gegenteil. Ein Dilemma für die EZB, denn in der Zwangsjacke der Währungsunion muss sie eine Wahl treffen.",Herr Präsident  Seit Anfang 2022 hat die EZB ihre Zinsen zehnmal minimal erhöht  Dennoch bleibt das EuroZinsniveau deutlich unter der deutschen Inflationsrate von 64     Andererseits liegt es klar über der spanischen Inflation von 24     Europa steht gewissermaßen auf dem Kopf  Im traditionell hochinflationären Süden sinkt die Inflation  im vordem gesunden Deutschland explodieren Energie und Lebensmittelpreise  Der Grund ist klar  Deutschland hat die dümmste Energie  Klimarettungs und Migrationspolitik weltweit  Die Bundesbank mahnt deshalb weitere Zinserhöhungen an  um die Inflation zu senken  die Südstaaten wollen das Gegenteil  Ein Dilemma für die EZB  denn in der Zwangsjacke der Währungsunion muss sie eine Wahl treffen,101
48,eu9_11483,Gunnar Beck,2023-10-03,"Entweder sie schützt die Ersparnisse der deutschen Steuerzahler, die bereits den Löwenanteil des EU-Haushalts und des 800-Milliarden-Euro-NextGenerationEU-Geschenkkorbes für den Mittelmeerraum finanzieren, oder sie hält die Zinsen niedrig, um bankrotte Banken und hochverschuldete Länder in Südeuropa notzubeatmen. Doch machen wir uns nichts vor. Die EZB wird die Zinsen nicht mehr nennenswert erhöhen, nicht nur um Südeuropa zu retten, sondern auch zur Finanzierung der EU-Weltklimarettungs- und -Massenmigrationsprojekte, die durch die Enteignung der deutschen Sparer und Steuerzahler über die EZB großteils mitfinanziert werden. Während sich die EU die Welt schönredet, reagieren die Finanzmärkte bereits. Der Euro-Anteil an den weltweiten SWIFT-Zahlungen fiel allein dieses Jahr von 38 % auf 23 %, während US-Dollar und Chinas Währung weiter an Gewicht gewinnen. Europas Niedergang ist nicht nur tragisch, er ist vor allem selbstverschuldet.",Entweder sie schützt die Ersparnisse der deutschen Steuerzahler  die bereits den Löwenanteil des EUHaushalts und des 800MilliardenEuroNextGenerationEUGeschenkkorbes für den Mittelmeerraum finanzieren  oder sie hält die Zinsen niedrig  um bankrotte Banken und hochverschuldete Länder in Südeuropa notzubeatmen  Doch machen wir uns nichts vor  Die EZB wird die Zinsen nicht mehr nennenswert erhöhen  nicht nur um Südeuropa zu retten  sondern auch zur Finanzierung der EUWeltklimarettungs und Massenmigrationsprojekte  die durch die Enteignung der deutschen Sparer und Steuerzahler über die EZB großteils mitfinanziert werden  Während sich die EU die Welt schönredet  reagieren die Finanzmärkte bereits  Der EuroAnteil an den weltweiten SWIFTZahlungen fiel allein dieses Jahr von 38    auf 23     während USDollar und Chinas Währung weiter an Gewicht gewinnen  Europas Niedergang ist nicht nur tragisch  er ist vor allem selbstverschuldet,125
49,eu9_11901,Jörg Meuthen,2023-09-13,"Frau Präsidentin, Frau Kommissionspräsidentin, werte Kollegen! Europa steckt, anders als Sie es hier darstellen, in einer tiefen Krise. Millionen Europäer wissen kaum noch, wie sie sich die alltäglichsten Dinge leisten sollen. Unternehmen wandern zuhauf ab, Deindustrialisierung läuft. Die unkontrollierte illegale Massenmigration hat Europa wieder fest im Griff. Es wäre dringend an der Zeit zu handeln. Diese Probleme sind existenziell. Doch die EU, Ihre Kommission, fokussiert sich in unerträglicher Hybris und fataler Missachtung all dieser Probleme nahezu allein auf das absurde Ziel, den stattfindenden Klimawandel aufzuhalten, und irrt auch darin, denn Sie werden ihn mit Ihren Plänen definitiv nicht stoppen. Statt das Weltklima bis auf die Nachkommastelle den Menschen anpassen zu wollen – was nur misslingen kann –, müssen die richtigen Vorkehrungen getroffen werden, unsere Gesellschaften den klimatischen Veränderungen anzupassen. Das ginge, aber da passiert rein gar nichts.",Frau Präsidentin  Frau Kommissionspräsidentin  werte Kollegen  Europa steckt  anders als Sie es hier darstellen  in einer tiefen Krise  Millionen Europäer wissen kaum noch  wie sie sich die alltäglichsten Dinge leisten sollen  Unternehmen wandern zuhauf ab  Deindustrialisierung läuft  Die unkontrollierte illegale Massenmigration hat Europa wieder fest im Griff  Es wäre dringend an der Zeit zu handeln  Diese Probleme sind existenziell  Doch die EU  Ihre Kommission  fokussiert sich in unerträglicher Hybris und fataler Missachtung all dieser Probleme nahezu allein auf das absurde Ziel  den stattfindenden Klimawandel aufzuhalten  und irrt auch darin  denn Sie werden ihn mit Ihren Plänen definitiv nicht stoppen  Statt das Weltklima bis auf die Nachkommastelle den Menschen anpassen zu wollen   – was nur misslingen kann   –  müssen die richtigen Vorkehrungen getroffen werden  unsere Gesellschaften den klimatischen Veränderungen anzupassen  Das ginge  aber da passiert rein gar nichts,137
50,eu9_12391,Sylvia Limmer,2023-09-12,"Frau Präsidentin, verehrte Kollegen! Vordergründig stelle das neue Binnenmarkt-Notfallinstrument die Sicherung der Lieferketten innerhalb der EU sicher. Tatsächlich ist es die Abschaffung des freien Unternehmertums. Dann nämlich, wenn eine EU-Kommission in planwirtschaftlich dirigistischer Manier in selbst ausgerufenen Krisen den Markt außer Kraft setzt. Eine Befugnis, die so weit reicht, einzelnen Herstellern in die Auftragsbücher hineinzuregieren. Als Krise gilt dabei wortwörtlich jedes außergewöhnliche, unerwartete, plötzliche, natürliche oder vom Mensch verursachte Ereignis. Zum Beispiel – laut EU-Kommission – der Klimawandel oder der Verlust der biologischen Diversität und Vielfalt. Also die totale Wirtschaftskontrolle auch bei herbeigedichteten Krisen. Ich sage nicht nur in Richtung der EU-Kommission: Stopp, keinen Handbreit mehr an Kompetenz den Inkompetenten.",Frau Präsidentin  verehrte Kollegen  Vordergründig stelle das neue BinnenmarktNotfallinstrument die Sicherung der Lieferketten innerhalb der EU sicher  Tatsächlich ist es die Abschaffung des freien Unternehmertums  Dann nämlich  wenn eine EUKommission in planwirtschaftlich dirigistischer Manier in selbst ausgerufenen Krisen den Markt außer Kraft setzt  Eine Befugnis  die so weit reicht  einzelnen Herstellern in die Auftragsbücher hineinzuregieren  Als Krise gilt dabei wortwörtlich jedes außergewöhnliche  unerwartete  plötzliche  natürliche oder vom Mensch verursachte Ereignis  Zum Beispiel – laut EUKommission – der Klimawandel oder der Verlust der biologischen Diversität und Vielfalt  Also die totale Wirtschaftskontrolle auch bei herbeigedichteten Krisen  Ich sage nicht nur in Richtung der EUKommission  Stopp  keinen Handbreit mehr an Kompetenz den Inkompetenten,110
51,eu9_12425,Sylvia Limmer,2023-09-12,"Herr Präsident! Seit Jahrzehnten steigt die Lebenserwartung in ganz Europa stetig an und die Luftqualität war noch nie so gut wie heute. Aber diese Fakten hindern Sie natürlich nicht daran, mit unbelegbaren hunderttausenden frühzeitigen Todesfällen eine Art Luftverschmutzungsmassensterben herbeizureden – als Gipfel der wissenschaftlichen Entblödung sogar noch aufgeschlüsselt nach einzelnen Schadstoffen. Sagen Sie doch einfach, worum es Ihnen tatsächlich geht: um Fahrverbot, faktische Enteignung der Besitzer von Verbrennerautos und staatliche Zwangsmaßnahmen zum Kauf der E-Ladenhüter bis zum endgültigen Ende der individuellen Mobilität. Aber nicht nur im deutschen Bundland kommt der angeblich saubere Strom überwiegend aus Kohle, Gas und Erdöl. Im Übrigen haben Sie schlicht übersehen, dass nur eine wettbewerbsfähige Industrie ihre ideologische Null-Schadstoff-Strategie finanzieren kann. Eine Industrie, der sie gerade mit Fit für 55 völlig sinnbefreit den Garaus machen.",Herr Präsident  Seit Jahrzehnten steigt die Lebenserwartung in ganz Europa stetig an und die Luftqualität war noch nie so gut wie heute  Aber diese Fakten hindern Sie natürlich nicht daran  mit unbelegbaren hunderttausenden frühzeitigen Todesfällen eine Art Luftverschmutzungsmassensterben herbeizureden – als Gipfel der wissenschaftlichen Entblödung sogar noch aufgeschlüsselt nach einzelnen Schadstoffen  Sagen Sie doch einfach  worum es Ihnen tatsächlich geht  um Fahrverbot  faktische Enteignung der Besitzer von Verbrennerautos und staatliche Zwangsmaßnahmen zum Kauf der ELadenhüter bis zum endgültigen Ende der individuellen Mobilität  Aber nicht nur im deutschen Bundland kommt der angeblich saubere Strom überwiegend aus Kohle  Gas und Erdöl  Im Übrigen haben Sie schlicht übersehen  dass nur eine wettbewerbsfähige Industrie ihre ideologische NullSchadstoffStrategie finanzieren kann  Eine Industrie  der sie gerade mit Fit für 55 völlig sinnbefreit den Garaus machen,129
52,eu9_12593,Bernhard Zimniok,2023-09-12,"Also: Einfuhrverbot verlängern und die Verhandlungen forcieren, um dieses sinnlose Sterben endlich zu beenden.",Also  Einfuhrverbot verlängern und die Verhandlungen forcieren  um dieses sinnlose Sterben endlich zu beenden,14
53,eu9_13251,Markus Buchheit,2023-07-12,"Statt hier immer neue Pakete schnüren zu wollen wie ein Mittelstandspaket, da mag ich doch um eines bitten, nämlich die bestehenden Pakete einmal aufzuschnüren und diejenigen Dokumentations- und Zertifizierungspflichten, wie wir sie jetzt beispielsweise mit dem Lieferkettengesetz, aber insgesamt auch mit dem Grünen Deal haben, ein für alle Mal zu beenden, um endlich unseren KMU wieder den Freiraum zu geben, den sie wirklich benötigen.",Statt hier immer neue Pakete schnüren zu wollen wie ein Mittelstandspaket  da mag ich doch um eines bitten  nämlich die bestehenden Pakete einmal aufzuschnüren und diejenigen Dokumentations und Zertifizierungspflichten  wie wir sie jetzt beispielsweise mit dem Lieferkettengesetz  aber insgesamt auch mit dem Grünen Deal haben  ein für alle Mal zu beenden  um endlich unseren KMU wieder den Freiraum zu geben  den sie wirklich benötigen,64
54,eu9_13313,Gunnar Beck,2023-07-12,"Da die meisten das hier gerne verschweigen, kann ich nur folgern: Die Mehrheit von Ihnen will es so und nicht anders.",Da die meisten das hier gerne verschweigen  kann ich nur folgern  Die Mehrheit von Ihnen will es so und nicht anders,21
55,eu9_13360,Sylvia Limmer,2023-07-12,"Sie wollen vorgeblich das Klima schützen, aber Ihre Grüner-Deal-Angstideologie ist zutiefst freiheits-, demokratie- und bürgerfeindlich.",Sie wollen vorgeblich das Klima schützen  aber Ihre GrünerDealAngstideologie ist zutiefst freiheits  demokratie und bürgerfeindlich,15
56,eu9_13385,Guido Reil,2023-07-12,"Die EU präsentiert ihren Grünen Deal als eine sogenannte grüne Wirtschaftsstrategie und als Vorbild für den Rest der Welt. Dies ist eine Lüge, die aufhören muss. Weltweit sind die CO2-Emissionen stetig gestiegen und sie werden auch weiterhin steigen. Aufgrund des Bevölkerungswachstums und des Strebens nach materiellem Wohlstand wird der Energieverbrauch auf der Erde weiter steigen. Fossile Energien bleiben dabei die wichtigste Säule. China eröffnet jede Woche zwei neue Kohlekraftwerke. Indien treibt seine wirtschaftliche Entwicklung weiter voran, wie die gesamte Welt außerhalb der EU. Die Reduktion der CO2-Emissionen innerhalb der EU wurde und wird durch den Anstieg der Emissionen in vielen anderen Teilen der Welt mehr als ausgeglichen. Tatsache ist, dass das Ziel des Pariser Abkommens nicht erreicht wird. Glaubt man wirklich, dass sich Länder wie China oder Indien ihre Wirtschaftspolitik von der EU diktieren lassen?",Die EU präsentiert ihren Grünen Deal als eine sogenannte grüne Wirtschaftsstrategie und als Vorbild für den Rest der Welt  Dies ist eine Lüge  die aufhören muss  Weltweit sind die CO2Emissionen stetig gestiegen und sie werden auch weiterhin steigen  Aufgrund des Bevölkerungswachstums und des Strebens nach materiellem Wohlstand wird der Energieverbrauch auf der Erde weiter steigen  Fossile Energien bleiben dabei die wichtigste Säule  China eröffnet jede Woche zwei neue Kohlekraftwerke  Indien treibt seine wirtschaftliche Entwicklung weiter voran  wie die gesamte Welt außerhalb der EU  Die Reduktion der CO2Emissionen innerhalb der EU wurde und wird durch den Anstieg der Emissionen in vielen anderen Teilen der Welt mehr als ausgeglichen  Tatsache ist  dass das Ziel des Pariser Abkommens nicht erreicht wird  Glaubt man wirklich  dass sich Länder wie China oder Indien ihre Wirtschaftspolitik von der EU diktieren lassen,135
57,eu9_13385,Guido Reil,2023-07-12,"Einige Fakten und Daten: Selbst wenn das schlimmste Erwärmungsszenario des Weltklimarats eintreten würde, wären die wirtschaftlichen Folgen vernachlässigbar. Der Weltklimarat schätzt, dass eine Erwärmung um drei Grad zu einer Verminderung des weltweiten Wirtschaftswachstums um 0,04 Prozent pro Jahr bis zum Jahr 2100 führen kann, was kaum messbar ist. In anderen Worten: Das Wirtschaftswachstum und der Wohlstand in Europa werden viel mehr durch die EU-Klimapolitik als durch die globale Erwärmung bedroht.",Einige Fakten und Daten  Selbst wenn das schlimmste Erwärmungsszenario des Weltklimarats eintreten würde  wären die wirtschaftlichen Folgen vernachlässigbar  Der Weltklimarat schätzt  dass eine Erwärmung um drei Grad zu einer Verminderung des weltweiten Wirtschaftswachstums um 004   Prozent pro Jahr bis zum Jahr 2100 führen kann  was kaum messbar ist  In anderen Worten  Das Wirtschaftswachstum und der Wohlstand in Europa werden viel mehr durch die EUKlimapolitik als durch die globale Erwärmung bedroht,70
58,eu9_13533,Sylvia Limmer,2023-07-11,"Herr Präsident! Die Naturwiederherstellungsverordnung ist nichts anderes als ein gigantisches Enteignungs- und Existenzvernichtungsprogramm für Landwirte. Eine Studie schätzt, dass von den ehemals 15 Millionen Höfen in der EU 2040 nur noch 3,6 Millionen übrig bleiben. Und da ist Ihre Öko-Bio-Klima-Mogelpackung noch gar nicht eingepreist. Wer gute, bezahlbare und einheimische Lebensmittel will, die nicht erst um die halbe Welt geflogen wurden, bevor sie auf unserem Teller landen, der muss einheimische Landwirte unterstützen, auch beim Erhalt ihrer Ackerflächen und nicht bei der Abschaffung. Sie wissen das auch! Aber statt fachlicher Argumente ätzen Sie lieber, dass eine EVP endlich auf unserem vernünftigen und konservativen ID/AfD-Kurs einschwenkt und gemeinsam mit uns gegen diese Verordnung der Abschaffung der Ernährungssicherheit stimmt. Das, werte grün-rote Ideologen, zeigt nicht nur Ihre Konzeptlosigkeit, sondern ist einfach nur politisch peinlich und antidemokratisch.",Herr Präsident  Die Naturwiederherstellungsverordnung ist nichts anderes als ein gigantisches Enteignungs und Existenzvernichtungsprogramm für Landwirte  Eine Studie schätzt  dass von den ehemals 15   Millionen Höfen in der EU 2040 nur noch 36   Millionen übrig bleiben  Und da ist Ihre ÖkoBioKlimaMogelpackung noch gar nicht eingepreist  Wer gute  bezahlbare und einheimische Lebensmittel will  die nicht erst um die halbe Welt geflogen wurden  bevor sie auf unserem Teller landen  der muss einheimische Landwirte unterstützen  auch beim Erhalt ihrer Ackerflächen und nicht bei der Abschaffung  Sie wissen das auch  Aber statt fachlicher Argumente ätzen Sie lieber  dass eine EVP endlich auf unserem vernünftigen und konservativen ID  AfDKurs einschwenkt und gemeinsam mit uns gegen diese Verordnung der Abschaffung der Ernährungssicherheit stimmt  Das  werte grünrote Ideologen  zeigt nicht nur Ihre Konzeptlosigkeit  sondern ist einfach nur politisch peinlich und antidemokratisch,133
59,eu9_13546,Jörg Meuthen,2023-07-11,"Wer auch in Zukunft regionale Produkte, bezahlbares Obst und Gemüse auf unseren Tellern sehen möchte, wer unseren Landwirten ihre so wichtige Arbeit nicht noch weiter erschweren, ja teilweise sogar verunmöglichen will, muss am Mittwoch entschlossen gegen dieses Gesetz stimmen. Ja zur Landwirtschaft, ja zum Naturschutz, nein zu diesem Renaturierungsgesetz.",Wer auch in Zukunft regionale Produkte  bezahlbares Obst und Gemüse auf unseren Tellern sehen möchte  wer unseren Landwirten ihre so wichtige Arbeit nicht noch weiter erschweren  ja teilweise sogar verunmöglichen will  muss am Mittwoch entschlossen gegen dieses Gesetz stimmen  Ja zur Landwirtschaft  ja zum Naturschutz  nein zu diesem Renaturierungsgesetz,49
60,eu9_14213,Markus Buchheit,2023-06-15,"Frau Präsidentin, meine Damen und Herren! Meine allerersten Glückwünsche heute gehen an die Republik Frankreich zum Bau sechs neuer Kernkraftwerke, der da beschlossen worden ist. Und Sie finden sich damit natürlich in guter Gesellschaft, denn wir haben immerhin 30 bis 45 neue Kernkraftwerke, die in der EU gebaut werden sollen. Nun gehöre ich ja nicht zu der Klimasekte, wie wir sie hier links finden, aber das finde ich doch wieder als CO2-Reduktionsmaßnahme ganz passend. Die Franzosen finden sich also in guter Gesellschaft, ich hier im Hause in etwas schlechterer, denn ich bin umgeben von Kollegen, die schon an der Änderung der Zeitumstellung scheitern, aber gleichzeitig denken, hier aus dem Plenarsaal heraus das Weltklima verändern zu können. Meine Forderung ist eine ganz einfache: Lassen wir doch diese Hybris und setzen wir einen Teil des Kapitals von über 1 Billion Euro – für den Grünen Deal vorgesehen – jetzt für Wassermanagement ein.",Frau Präsidentin  meine Damen und Herren  Meine allerersten Glückwünsche heute gehen an die Republik Frankreich zum Bau sechs neuer Kernkraftwerke  der da beschlossen worden ist  Und Sie finden sich damit natürlich in guter Gesellschaft  denn wir haben immerhin 30 bis 45 neue Kernkraftwerke  die in der EU gebaut werden sollen  Nun gehöre ich ja nicht zu der Klimasekte  wie wir sie hier links finden  aber das finde ich doch wieder als CO2Reduktionsmaßnahme ganz passend  Die Franzosen finden sich also in guter Gesellschaft  ich hier im Hause in etwas schlechterer  denn ich bin umgeben von Kollegen  die schon an der Änderung der Zeitumstellung scheitern  aber gleichzeitig denken  hier aus dem Plenarsaal heraus das Weltklima verändern zu können  Meine Forderung ist eine ganz einfache  Lassen wir doch diese Hybris und setzen wir einen Teil des Kapitals von über 1   Billion Euro   – für den Grünen Deal vorgesehen   – jetzt für Wassermanagement ein,150
61,eu9_14213,Markus Buchheit,2023-06-15,"Das betrifft ja nicht nur die Bekämpfung von Trockenheiten, die eben jetzt schon in der heutigen Zeit eintreten, sondern natürlich auch Hochwasserereignisse, Hochwasserschutzmaßnahmen. Das Geld ist jetzt erforderlich. Wir müssen nicht kämpfen gegen den Klimawandel in 100 Jahren, wir müssen kämpfen gegen die Extremwetterereignisse heute.",Das betrifft ja nicht nur die Bekämpfung von Trockenheiten  die eben jetzt schon in der heutigen Zeit eintreten  sondern natürlich auch Hochwasserereignisse  Hochwasserschutzmaßnahmen  Das Geld ist jetzt erforderlich  Wir müssen nicht kämpfen gegen den Klimawandel in 100   Jahren  wir müssen kämpfen gegen die Extremwetterereignisse heute,45
62,eu9_14331,Gunnar Beck,2023-06-14,"Herr Präsident! Der Ministerrat hat sich auf einen neuen EU-Migrationspakt geeinigt. Mit welchem Ergebnis? Europa braucht strenge Obergrenzen und externe Aufnahmezentren. Doch der Rat beschließt Mindestquoten für alle Mitgliedstaaten und Highspeed-Verteilungszentren in der EU. Wir brauchen klare, verschärfte Regeln. Doch der Pakt beschleunigt Verfahren und schafft viele Ausnahmen, die jede Prüfung unmöglich machen. Wir brauchen Aufnahmestopps für illegale Migranten. Stattdessen wird der Begriff „illegale Migration“ abgeschafft. Dieser Pakt erleichtert weder Abschiebungen noch Remigration, sondern lädt die gesamte Welt nach Europa ein. Denn aufgenommen wird künftig jeder Klimaflüchtling, dem das Wetter daheim nicht gefällt. Sie bringen uns Dutzende Millionen Kostgänger. Nach drei nordeuropäischen Studien kostet uns jeder davon lebenslang 700 000 Euro. Ihre Migrationspläne sind genauso fantastisch wie Ihre Klimarettung.",Herr Präsident  Der Ministerrat hat sich auf einen neuen EUMigrationspakt geeinigt  Mit welchem Ergebnis  Europa braucht strenge Obergrenzen und externe Aufnahmezentren  Doch der Rat beschließt Mindestquoten für alle Mitgliedstaaten und HighspeedVerteilungszentren in der EU  Wir brauchen klare  verschärfte Regeln  Doch der Pakt beschleunigt Verfahren und schafft viele Ausnahmen  die jede Prüfung unmöglich machen  Wir brauchen Aufnahmestopps für illegale Migranten  Stattdessen wird der Begriff „ illegale Migration “ abgeschafft  Dieser Pakt erleichtert weder Abschiebungen noch Remigration  sondern lädt die gesamte Welt nach Europa ein  Denn aufgenommen wird künftig jeder Klimaflüchtling  dem das Wetter daheim nicht gefällt  Sie bringen uns Dutzende Millionen Kostgänger  Nach drei nordeuropäischen Studien kostet uns jeder davon lebenslang 700   000   Euro  Ihre Migrationspläne sind genauso fantastisch wie Ihre Klimarettung,121
63,eu9_14331,Gunnar Beck,2023-06-14,"Denn Ihnen fehlt jeder Bezug zur Wirklichkeit und dafür, was sie bewirken. Sie holen die Dritte Welt. Wir werden zur Dritten Welt.",Denn Ihnen fehlt jeder Bezug zur Wirklichkeit und dafür  was sie bewirken  Sie holen die Dritte Welt  Wir werden zur Dritten Welt,22
64,eu9_14503,Markus Buchheit,2023-06-14,"Wenn ich mir heute die Umfrageergebnisse in Deutschland anschaue, insbesondere auch zu meiner Partei, dann könnte sich bald der Wind wieder drehen. Dann könnten wir in absehbarer Zeit wieder mündige Verbraucher und mutige Unternehmer sehen, die die Zügel an sich nehmen. Macher und Schaffer und nicht die Gemachten und Geschafften vom Klimawahn und von der Besserwisserei, wie sie gerade im Berlaymont zu Hause sind.",Wenn ich mir heute die Umfrageergebnisse in Deutschland anschaue  insbesondere auch zu meiner Partei  dann könnte sich bald der Wind wieder drehen  Dann könnten wir in absehbarer Zeit wieder mündige Verbraucher und mutige Unternehmer sehen  die die Zügel an sich nehmen  Macher und Schaffer und nicht die Gemachten und Geschafften vom Klimawahn und von der Besserwisserei  wie sie gerade im Berlaymont zu Hause sind,64
65,eu9_15023,Sylvia Limmer,2023-06-13,"Frau Präsidentin! Aberwitziger Ressourcenverbrauch, geostrategische Abhängigkeiten oder die ungelöste Entsorgung der sogenannten Traktionsbatterien von E-Autos sind nur einige der Probleme bei Batterien. Daher wäre mir tatsächlich an einer noch schärferen Batterieverordnung gelegen − aber nur um Chancengleichheit zwischen Verbrennern und den politisch gehypten E-Autos herzustellen. Gerade aber beim CO2-Fußabdruck der angeblich CO2-freien Technik gibt man sich beim grünen Lieblingsspielzeug aber extrem zögerlich. Während man allenthalben eine Netto-Null-CO2-Strategie propagiert, will man erst in frühestens drei Jahren die Höchstgrenzen bei der Batterieherstellung einführen, unter Einbeziehung des technischen Fortschritts − etwas, was sonst niemanden in allen anderen Sektoren interessiert. Immerhin ist mit dieser Verordnung die Lüge der emissionsfreien Batterietechnik vom Tisch, ebenso deren fehlende Kreislauffähigkeit. Batterien sind nämlich eines nicht: nachhaltig.",Frau Präsidentin  Aberwitziger Ressourcenverbrauch  geostrategische Abhängigkeiten oder die ungelöste Entsorgung der sogenannten Traktionsbatterien von EAutos sind nur einige der Probleme bei Batterien  Daher wäre mir tatsächlich an einer noch schärferen Batterieverordnung gelegen   − aber nur um Chancengleichheit zwischen Verbrennern und den politisch gehypten EAutos herzustellen  Gerade aber beim CO2Fußabdruck der angeblich CO2freien Technik gibt man sich beim grünen Lieblingsspielzeug aber extrem zögerlich  Während man allenthalben eine NettoNullCO2Strategie propagiert  will man erst in frühestens drei Jahren die Höchstgrenzen bei der Batterieherstellung einführen  unter Einbeziehung des technischen Fortschritts   − etwas  was sonst niemanden in allen anderen Sektoren interessiert  Immerhin ist mit dieser Verordnung die Lüge der emissionsfreien Batterietechnik vom Tisch  ebenso deren fehlende Kreislauffähigkeit  Batterien sind nämlich eines nicht  nachhaltig,118
66,eu9_15135,Guido Reil,2023-06-13,"Die Vielfalt des einzelstaatlichen Erziehungs-, Ausbildungs- und Arbeitsmarktumfelds soll berücksichtigt werden. Außerdem ist die Realität viel differenzierter. In einer aktuellen Eurobarometer Umfrage gaben 61 Prozent der Befragten an, sie haben Zugang zum Sozialschutz. Über die Hälfte der Personen erhielten eine finanzielle Entschädigung. Dies ist ein Anstieg von 40 Prozent gegenüber der Umfrage von 2013. Die Ratsempfehlung von 2014 hat also eine positive Auswirkung. Sie soll nur gestärkt werden.",Die Vielfalt des einzelstaatlichen Erziehungs  Ausbildungs und Arbeitsmarktumfelds soll berücksichtigt werden  Außerdem ist die Realität viel differenzierter  In einer aktuellen Eurobarometer Umfrage gaben 61   Prozent der Befragten an  sie haben Zugang zum Sozialschutz  Über die Hälfte der Personen erhielten eine finanzielle Entschädigung  Dies ist ein Anstieg von 40   Prozent gegenüber der Umfrage von 2013 Die Ratsempfehlung von 2014 hat also eine positive Auswirkung  Sie soll nur gestärkt werden,68
67,eu9_15362,Gunnar Beck,2023-06-01,Wieso aber beschlagnahmen sie nicht die Vermögen der Familie von der Leyen und setzen sie auf die Sanktionsliste? Denn hier liegen Amtsmissbrauch und Vorteilnahme auf der Hand.,Wieso aber beschlagnahmen sie nicht die Vermögen der Familie von der Leyen und setzen sie auf die Sanktionsliste  Denn hier liegen Amtsmissbrauch und Vorteilnahme auf der Hand,27
68,eu9_15561,Joachim Kuhs,2023-05-31,"Der einzige Mann in der EU, der zu all dem Nein sagt und der versucht, das Wohl seines eigenen Volkes zu mehren und die wahren europäischen und christlichen Werte zu verteidigen, der wird von Ihnen angegriffen. Das ist einfach nur noch heuchlerisch.",Der einzige Mann in der EU  der zu all dem Nein sagt und der versucht  das Wohl seines eigenen Volkes zu mehren und die wahren europäischen und christlichen Werte zu verteidigen  der wird von Ihnen angegriffen  Das ist einfach nur noch heuchlerisch,42
69,eu9_15674,Christine Anderson,2023-05-31,"Wenn das getan ist, dann können wir uns gerne mal darüber unterhalten, ob die Einladung zu einem Kaffee am Arbeitsplatz tatsächlich sexuelle Belästigung ist oder nicht einfach nur Höflichkeit unter Kollegen.",Wenn das getan ist  dann können wir uns gerne mal darüber unterhalten  ob die Einladung zu einem Kaffee am Arbeitsplatz tatsächlich sexuelle Belästigung ist oder nicht einfach nur Höflichkeit unter Kollegen,31
70,eu9_15848,Joachim Kuhs,2023-05-11,"Und wenn meine Enkelkinder mit Hühner- oder Entenküken spielen, dann erscheint der maschinelle Tod für diese kleinen, fluffigen Geschöpfe noch grausamer, geradezu unmenschlich zu sein. Wir alle wünschen und fordern ein schnelles Ende dieser Praxis. Wenn jedoch von interessierten Gruppen dieses Thema mit fadenscheinigen Gründen des Klimaschutzes missbraucht wird, um ein Verbot des gesamten Geflügelsektors zu fordern, dann ist das einfach nur heuchlerisch und komplett daneben. Wussten Sie eigentlich, dass die CO2-Emissionen des Geflügelsektors im Vergleich zu den negativen Emissionen beim massiven Abholzen von Wäldern zur Herstellung von Eiweiß aus Soja verblassen?",Und wenn meine Enkelkinder mit Hühner oder Entenküken spielen  dann erscheint der maschinelle Tod für diese kleinen  fluffigen Geschöpfe noch grausamer  geradezu unmenschlich zu sein  Wir alle wünschen und fordern ein schnelles Ende dieser Praxis  Wenn jedoch von interessierten Gruppen dieses Thema mit fadenscheinigen Gründen des Klimaschutzes missbraucht wird  um ein Verbot des gesamten Geflügelsektors zu fordern  dann ist das einfach nur heuchlerisch und komplett daneben  Wussten Sie eigentlich  dass die CO2Emissionen des Geflügelsektors im Vergleich zu den negativen Emissionen beim massiven Abholzen von Wäldern zur Herstellung von Eiweiß aus Soja verblassen,92
71,eu9_15848,Joachim Kuhs,2023-05-11,"Und sind Sie sich bewusst, dass ein Verbot des Geflügelsektors in Europa das Leiden dieser Tiere nur verschlimmern würde, da dann Geflügelprodukte aus Ländern wie Thailand, Vietnam, China oder Indien importiert würden, also aus Ländern, in denen es im Vergleich zu Deutschland oder Belgien oder Frankreich, oder nennen Sie irgendein Land, überhaupt keine Tierschutzstandards gibt? Wir müssen uns die Fakten genau ansehen, und wir müssen Entscheidungen treffen, die auf Vernunft und Logik basieren. Ja, das industrielle Töten von Eintagsküken muss beendet werden, da sind wir uns alle einig. Aber ein Verbot des Geflügelsektors wäre sicher keine Lösung.",Und sind Sie sich bewusst  dass ein Verbot des Geflügelsektors in Europa das Leiden dieser Tiere nur verschlimmern würde  da dann Geflügelprodukte aus Ländern wie Thailand  Vietnam  China oder Indien importiert würden  also aus Ländern  in denen es im Vergleich zu Deutschland oder Belgien oder Frankreich  oder nennen Sie irgendein Land  überhaupt keine Tierschutzstandards gibt  Wir müssen uns die Fakten genau ansehen  und wir müssen Entscheidungen treffen  die auf Vernunft und Logik basieren  Ja  das industrielle Töten von Eintagsküken muss beendet werden  da sind wir uns alle einig  Aber ein Verbot des Geflügelsektors wäre sicher keine Lösung,97
72,eu9_15902,Sylvia Limmer,2023-05-10,"Herr Präsident, Frau Kommissarin! Bereits das Verbot, Pflanzenschutzmittel anzuwenden, und damit verbundene Rechtfertigungspflichten oder so groteske Aufzeichnungspflichten wie die Reinigung von Arbeitsgeräten, die in Zukunft nach Brüssel zu melden wäre, sind eine absolute Zumutung für Landwirte. Aber Ihre neueste Idee, dass Landwirte nun eine CO2-Entnahme aus der Atmosphäre zu zertifizieren haben, toppt alles, was man sich bisher an grünem Schwachsinn hat einfallen lassen. Z. B. sollen Landwirte ihre Äcker in Brachflächen umwandeln und dafür CO2-Zertifikate erhalten, mit denen sie dann zwar nicht handeln können, sich aber wirklich ergebnisorientiert belohnen lassen können von Lebensmittelkonzernen, die damit ihren CO2-Fußabdruck glaubwürdig dokumentieren sollen. Was für eine steile Karriere vom Biogas-Ölscheich, Solarenergieunternehmer oder Windparkvermieter zum woken CO2-Gärtner. Nur eines sollen Landwirte nicht mehr: verlässlich gesunde Lebensmittel produzieren.",Herr Präsident  Frau Kommissarin  Bereits das Verbot  Pflanzenschutzmittel anzuwenden  und damit verbundene Rechtfertigungspflichten oder so groteske Aufzeichnungspflichten wie die Reinigung von Arbeitsgeräten  die in Zukunft nach Brüssel zu melden wäre  sind eine absolute Zumutung für Landwirte  Aber Ihre neueste Idee  dass Landwirte nun eine CO2Entnahme aus der Atmosphäre zu zertifizieren haben  toppt alles  was man sich bisher an grünem Schwachsinn hat einfallen lassen  Z   B sollen Landwirte ihre Äcker in Brachflächen umwandeln und dafür CO2Zertifikate erhalten  mit denen sie dann zwar nicht handeln können  sich aber wirklich ergebnisorientiert belohnen lassen können von Lebensmittelkonzernen  die damit ihren CO2Fußabdruck glaubwürdig dokumentieren sollen  Was für eine steile Karriere vom BiogasÖlscheich  Solarenergieunternehmer oder Windparkvermieter zum woken CO2Gärtner  Nur eines sollen Landwirte nicht mehr  verlässlich gesunde Lebensmittel produzieren,123
73,eu9_15902,Sylvia Limmer,2023-05-10,"Was horrend steigende Lebensmittelpreise zur Folge haben wird. Und weil es sinnlos ist, sich hier an die Kollegen in diesem Parlament zu wenden: Liebe Landwirte, liebe Bürger, werden Sie wach, wenn Sie nicht morgen mit Insektenfraß, laborgezüchtetem Zellmatsch und ab und zu mit einem winzigen Stück Fleisch eines armen Schweins aus einem chinesischen Mastturm enden wollen!",Was horrend steigende Lebensmittelpreise zur Folge haben wird  Und weil es sinnlos ist  sich hier an die Kollegen in diesem Parlament zu wenden  Liebe Landwirte  liebe Bürger  werden Sie wach  wenn Sie nicht morgen mit Insektenfraß  laborgezüchtetem Zellmatsch und ab und zu mit einem winzigen Stück Fleisch eines armen Schweins aus einem chinesischen Mastturm enden wollen,56
74,eu9_16133,Guido Reil,2023-05-10,"Herr Präsident, liebe Kolleginnen und Kollegen! Wir reden heute über das Sozialsystem der Zukunft. Und was für eine Überraschung – nach dem Klima-Sozialfonds reden wir jetzt auch über ein grünes Sozialschutzsystem, was entwickelt werden soll. Also grün und sozial passt aber leider nicht zusammen. Grün bedeutet den Verlust von Billionen hoch bezahlter Arbeitsplätze, steigende Mieten, steigende Energiekosten und steigende Lebensmittelkosten. Grüne Politik ist nicht sozial, sie ist dumm und asozial. Ein Beispiel aus Deutschland: Die Deutschen sollen ab nächstem Jahr gezwungen werden, mit Wärmepumpen zu heizen. Jetzt abgesehen davon, dass es diese Wärmepumpen nicht gibt und sie sehr teuer und nicht in der Lage sind, alte Gebäude zu beheizen, funktionieren diese Pumpen mit Strom, vermeintlich grünem Strom. Nur dumm ist, dass die Menschen im Winter heizen müssen. Da kommen so Grüne nicht drauf, weil man das nicht so weiß.",Herr Präsident  liebe Kolleginnen und Kollegen  Wir reden heute über das Sozialsystem der Zukunft  Und was für eine Überraschung   – nach dem KlimaSozialfonds reden wir jetzt auch über ein grünes Sozialschutzsystem  was entwickelt werden soll  Also grün und sozial passt aber leider nicht zusammen  Grün bedeutet den Verlust von Billionen hoch bezahlter Arbeitsplätze  steigende Mieten  steigende Energiekosten und steigende Lebensmittelkosten  Grüne Politik ist nicht sozial  sie ist dumm und asozial  Ein Beispiel aus Deutschland  Die Deutschen sollen ab nächstem Jahr gezwungen werden  mit Wärmepumpen zu heizen  Jetzt abgesehen davon  dass es diese Wärmepumpen nicht gibt und sie sehr teuer und nicht in der Lage sind  alte Gebäude zu beheizen  funktionieren diese Pumpen mit Strom  vermeintlich grünem Strom  Nur dumm ist  dass die Menschen im Winter heizen müssen  Da kommen so Grüne nicht drauf  weil man das nicht so weiß,139
75,eu9_16133,Guido Reil,2023-05-10,"Aber die meisten heizen im Winter, und im Winter gibt es den wenigsten grünen Strom. Also diese Politik ist dämlich und asozial.",Aber die meisten heizen im Winter  und im Winter gibt es den wenigsten grünen Strom  Also diese Politik ist dämlich und asozial,22
76,eu9_16268,Sylvia Limmer,2023-05-10,"Frau Präsidentin! Mit welchem Recht man sich hier von Seiten des EU-Parlaments und einer nicht gewählten EU-Kommission in das nationale Genehmigungsverfahren des Willow-Projektes, einer Ölbohrung in Alaska, die im Übrigen auch von der lokalen Alaska Native Village Corporation ausdrücklich unterstützt wird, einmischt, erschließt sich mir definitiv nicht. Ihnen sei gesagt: Im Gegensatz zu woken EU-Utopisten, wie hier versammelt oder auch nicht, wissen die US-Amerikaner die Vorteile des schwarzen Goldes zu schätzen, das auch uns Wohlstand und technischen Fortschritt beschert hat. Ihnen geht es nicht nur um die CO2-Reduktion, die sich technisch bewerkstelligen ließe, sondern um das Ende aller fossilen Brennstoffe und um eine ökosozialistische Transformation. Während der Rest der Welt auf Diversität bei Energiequellen setzt, verstehen Sie bei Diversität nur sexuelle Orientierung.",Frau Präsidentin  Mit welchem Recht man sich hier von Seiten des EUParlaments und einer nicht gewählten EUKommission in das nationale Genehmigungsverfahren des WillowProjektes  einer Ölbohrung in Alaska  die im Übrigen auch von der lokalen Alaska Native Village Corporation ausdrücklich unterstützt wird  einmischt  erschließt sich mir definitiv nicht  Ihnen sei gesagt  Im Gegensatz zu woken EUUtopisten  wie hier versammelt oder auch nicht  wissen die USAmerikaner die Vorteile des schwarzen Goldes zu schätzen  das auch uns Wohlstand und technischen Fortschritt beschert hat  Ihnen geht es nicht nur um die CO2Reduktion  die sich technisch bewerkstelligen ließe  sondern um das Ende aller fossilen Brennstoffe und um eine ökosozialistische Transformation  Während der Rest der Welt auf Diversität bei Energiequellen setzt  verstehen Sie bei Diversität nur sexuelle Orientierung,122
77,eu9_16268,Sylvia Limmer,2023-05-10,"Amerika erschließt neue Ölfelder und trimmt seine Volkswirtschaft auf Energieunabhängigkeit, eine Unabhängigkeit, die bei uns durch Flatterstrom und Atomausstieg in weite Ferne rückt.",Amerika erschließt neue Ölfelder und trimmt seine Volkswirtschaft auf Energieunabhängigkeit  eine Unabhängigkeit  die bei uns durch Flatterstrom und Atomausstieg in weite Ferne rückt,23
78,eu9_16281,Gunnar Beck,2023-05-10,"Frau Präsidentin! Die Eurozone hat zusammen mit Großbritannien die höchste Inflationsrate der entwickelten Welt. Rasant steigende Energie- und Lebensmittelpreise bedeuten: Der Lebensstandard bricht ein, die Bürger müssen frieren, und Ersparnisse werden vernichtet. 2022 allein wurden deutsche Sparer um rund 200 Milliarden Euro enteignet. Doch die EZB erhöht das Zinsniveau um lachhafte 0,25 auf 3,7 % bei über 7 % Inflation. So zaghaft lässt sich galoppierende Inflation eben nicht zähmen. Die Lage ist klar: Die EZB ist der Erfüllungsgehilfe maroder Banken und unverantwortlicher Regierungen, deren Schulden sie einfach durch niedrige Zinsen auf Kosten der Bürger weginflationiert. Dass Inflation nicht Schicksal, sondern gewollt ist, beweisen die Schweiz mit 2,6 % Inflation, Taiwan mit 2,3 % und selbst Russland mit 3,5 % – Länder mit solider Haushaltsführung, die das Weltklima eben nicht retten wollen.",Frau Präsidentin  Die Eurozone hat zusammen mit Großbritannien die höchste Inflationsrate der entwickelten Welt  Rasant steigende Energie und Lebensmittelpreise bedeuten  Der Lebensstandard bricht ein  die Bürger müssen frieren  und Ersparnisse werden vernichtet  2022 allein wurden deutsche Sparer um rund 200   Milliarden   Euro enteignet  Doch die EZB erhöht das Zinsniveau um lachhafte 025 auf 37    bei über 7      Inflation  So zaghaft lässt sich galoppierende Inflation eben nicht zähmen  Die Lage ist klar  Die EZB ist der Erfüllungsgehilfe maroder Banken und unverantwortlicher Regierungen  deren Schulden sie einfach durch niedrige Zinsen auf Kosten der Bürger weginflationiert  Dass Inflation nicht Schicksal  sondern gewollt ist  beweisen die Schweiz mit 26    Inflation  Taiwan mit 23    und selbst Russland mit 35      – Länder mit solider Haushaltsführung  die das Weltklima eben nicht retten wollen,126
79,eu9_16366,Gunnar Beck,2023-05-09,"Frau Präsidentin! Sind die Deutschen verrückt, fragt sich die halbe Welt. Und die Antwort lautet: ja, denn Deutschland leidet am Helfersyndrom und gehört auf die Couch. Seit 15 Jahren will Deutschland alles und alle retten. Den Euro haben Sie scheinbar gerettet, aber auf Kosten der Geldwertstabilität und zulasten der Sparer und Rentner, die Ihre Rekordinflation und Schulden finanzieren. Ihre Weltklimarettung nannte das Wall Street Journal die dümmste Energiepolitik der Welt, denn mit einem Anteil von 1,3 % an den weltweiten CO2-Emissionen kann Deutschland das Klima nicht retten, sondern Sie ruinieren den deutschen Mittelstand und unsere Bürger durch unbezahlbaren Strom, Heizkosten und Zwangsrenovierung. Wer sich das nicht leisten kann, dem kaufen US-Immobilienfonds dankend das lang ersparte Haus weit unter Wert ab. Retten wollen Sie auch Migranten.",Frau Präsidentin  Sind die Deutschen verrückt  fragt sich die halbe Welt  Und die Antwort lautet  ja  denn Deutschland leidet am Helfersyndrom und gehört auf die Couch  Seit 15   Jahren will Deutschland alles und alle retten  Den Euro haben Sie scheinbar gerettet  aber auf Kosten der Geldwertstabilität und zulasten der Sparer und Rentner  die Ihre Rekordinflation und Schulden finanzieren  Ihre Weltklimarettung nannte das Wall Street Journal die dümmste Energiepolitik der Welt  denn mit einem Anteil von 13    an den weltweiten CO2Emissionen kann Deutschland das Klima nicht retten  sondern Sie ruinieren den deutschen Mittelstand und unsere Bürger durch unbezahlbaren Strom  Heizkosten und Zwangsrenovierung  Wer sich das nicht leisten kann  dem kaufen USImmobilienfonds dankend das lang ersparte Haus weit unter Wert ab  Retten wollen Sie auch Migranten,124
80,eu9_16368,Jörg Meuthen,2023-05-09,"Verrichten Sie also doch erst einmal Ihre Aufgaben zu Hause, ehe Sie hier Ihre Visionen ausbreiten! Altkanzler Helmut Schmidt wird der Satz zugeschrieben: Wer Visionen hat, soll zum Arzt gehen. Im heutigen Deutschland warten Sie für einen Arztbesuch monatelang auf einen Termin. Sie hätten daheim wahrlich viel zu tun, Herr Bundeskanzler.",Verrichten Sie also doch erst einmal Ihre Aufgaben zu Hause  ehe Sie hier Ihre Visionen ausbreiten  Altkanzler Helmut Schmidt wird der Satz zugeschrieben  Wer Visionen hat  soll zum Arzt gehen  Im heutigen Deutschland warten Sie für einen Arztbesuch monatelang auf einen Termin  Sie hätten daheim wahrlich viel zu tun  Herr Bundeskanzler,51
81,eu9_16896,Sylvia Limmer,2023-04-20,"Herr Präsident, Herr Kommissar, verehrte Kollegen! Sollte der IPCC nicht insbesondere über Anpassungsmaßnahmen an einen Klimawandel informieren, statt diese Obsession mit diesem atmosphärischen CO2 an den Tag zu legen? Und wieso weist er nicht darauf hin, dass über die Hälfte des anthropogenen CO2 gebunden wird, netto null also mitnichten netto null bedeutet? Und warum sollte eine Reduktion der CO2-Emissionen gleichbedeutend sein mit dem Ausstieg aus fossiler Energie? Diese Doktrin ist schlichtweg falsch. Und selbst der Deutsche Wetterdienst weiß: Die Sonne ist der Motor des Wetters und sorgt auf der Erde für unterschiedliche Temperaturen. Und das gilt für das Klima als 30-jähriges Mittel des Wetters nicht mehr? Und dabei ist die Sonne der Klimafaktor unter vielen anderen. Und dann ist da die Fangfrage an jeden Wahrsager, die immer lauten muss: Was habe ich gestern gegessen? Wie komme ich darauf?",Herr Präsident  Herr Kommissar  verehrte Kollegen  Sollte der IPCC nicht insbesondere über Anpassungsmaßnahmen an einen Klimawandel informieren  statt diese Obsession mit diesem atmosphärischen CO2 an den Tag zu legen  Und wieso weist er nicht darauf hin  dass über die Hälfte des anthropogenen CO2 gebunden wird  netto null also mitnichten netto null bedeutet  Und warum sollte eine Reduktion der CO2Emissionen gleichbedeutend sein mit dem Ausstieg aus fossiler Energie  Diese Doktrin ist schlichtweg falsch  Und selbst der Deutsche Wetterdienst weiß  Die Sonne ist der Motor des Wetters und sorgt auf der Erde für unterschiedliche Temperaturen  Und das gilt für das Klima als 30jähriges Mittel des Wetters nicht mehr  Und dabei ist die Sonne der Klimafaktor unter vielen anderen  Und dann ist da die Fangfrage an jeden Wahrsager  die immer lauten muss  Was habe ich gestern gegessen  Wie komme ich darauf,138
82,eu9_16896,Sylvia Limmer,2023-04-20,"Weil die Computermodelle des IPCC – einer politischen Organisation, die gegründet wurde, um den menschengemachten Klimawandel zu beweisen – viel von einer prophetischen Kristallkugel haben. Sie funktionieren nämlich nach dem Prinzip garbage in, garbage out, sind also nur so schlau wie der Programmierer und spucken, gefüttert mit den Daten des CO2-Endzeitmoleküls, brav die gewünschten Klimakatastrophen aus. Aber sie scheitern regelmäßig – und das ausnahmsweise auch sehr zuverlässig – an der Berechnung des Klimas von gestern und vorgestern, wie übrigens jeder anständige Wahrsager. Und mehr muss man nicht wissen.",Weil die Computermodelle des IPCC – einer politischen Organisation  die gegründet wurde  um den menschengemachten Klimawandel zu beweisen – viel von einer prophetischen Kristallkugel haben  Sie funktionieren nämlich nach dem Prinzip garbage in  garbage out  sind also nur so schlau wie der Programmierer und spucken  gefüttert mit den Daten des CO2Endzeitmoleküls  brav die gewünschten Klimakatastrophen aus  Aber sie scheitern regelmäßig   – und das ausnahmsweise auch sehr zuverlässig   – an der Berechnung des Klimas von gestern und vorgestern  wie übrigens jeder anständige Wahrsager  Und mehr muss man nicht wissen,88
83,eu9_17255,Sylvia Limmer,2023-04-19,"(Beginn des Redebeitrags bei ausgeschaltetem Mikro) ... von ICCT, dem Internationalen Rat für sauberen Verkehr, aufgrund eher nicht nachvollziehbarer theoretischer Berechnungen zu dem Schluss, dass angeblich bei 70 Prozent der Dieselmodelle Euro 5 und Euro 6 verbotene Abschalttechnologien verbaut sein könnten. Übrigens: Der pompöse Name dieses ICCT soll vermutlich darüber hinwegtäuschen, dass es nur eine der unzähligen Klima-Agitprop-NGOs ist, die ganz gerne auf politische Bestellung hin liefern und übrigens bereits zuvor Prügel bezogen haben wegen unwissenschaftlicher Behauptungen. Und da ist es dann schon ganz interessant, dass laut eigener Angaben des ICCT die Kommission einer der Hauptsponsoren ist – aha. Damit will man nun die bestehende Diesel-Fahrzeugflotte reduzieren, denn das Verbot der Verbrennungsmotoren ab 2035 betrifft ja nur die Neuzulassungen. Nicht wahr?",Beginn des Redebeitrags bei ausgeschaltetem Mikro   von ICCT  dem Internationalen Rat für sauberen Verkehr  aufgrund eher nicht nachvollziehbarer theoretischer Berechnungen zu dem Schluss  dass angeblich bei 70   Prozent der Dieselmodelle Euro   5 und Euro   6 verbotene Abschalttechnologien verbaut sein könnten  Übrigens  Der pompöse Name dieses ICCT soll vermutlich darüber hinwegtäuschen  dass es nur eine der unzähligen KlimaAgitpropNGOs ist  die ganz gerne auf politische Bestellung hin liefern und übrigens bereits zuvor Prügel bezogen haben wegen unwissenschaftlicher Behauptungen  Und da ist es dann schon ganz interessant  dass laut eigener Angaben des ICCT die Kommission einer der Hauptsponsoren ist   – aha  Damit will man nun die bestehende DieselFahrzeugflotte reduzieren  denn das Verbot der Verbrennungsmotoren ab 2035 betrifft ja nur die Neuzulassungen  Nicht wahr,120
84,eu9_17278,Christine Anderson,2023-04-19,"Frau Präsidentin! Die EU-Strategie für globale Gesundheit ist in wenigen Sätzen zusammengefasst: Schmeiße Big Pharma Milliarden von Steuergeldern an Gewinnen in den Rachen für ein nutzloses, schädliches, gar tödliches Produkt. Wälze die Kosten der durch die Todesspritzen verursachten Schäden auf den Steuerzahler ab. Ermächtige die Kommissionspräsidentin, ihren eigenen Ehemann im Rahmen ihrer Amtsausübung persönlich zu bereichern. Übertrage die Regierungsgewalt auf die WHO und entmündige damit die für Demokratien konstitutiven Völker. Verkaufe all dies als dem Wohl des Volkes zuträglich, stigmatisiere, beschimpfe, verhöhne und ächte all jene, die das anders sehen. Hier geht es nicht um Gesundheit, meine Damen und Herren, sondern darum, den souveränen Völkern Europas die Volksherrschaft zu entreißen.",Frau Präsidentin  Die EUStrategie für globale Gesundheit ist in wenigen Sätzen zusammengefasst  Schmeiße Big Pharma Milliarden von Steuergeldern an Gewinnen in den Rachen für ein nutzloses  schädliches  gar tödliches Produkt  Wälze die Kosten der durch die Todesspritzen verursachten Schäden auf den Steuerzahler ab  Ermächtige die Kommissionspräsidentin  ihren eigenen Ehemann im Rahmen ihrer Amtsausübung persönlich zu bereichern  Übertrage die Regierungsgewalt auf die WHO und entmündige damit die für Demokratien konstitutiven Völker  Verkaufe all dies als dem Wohl des Volkes zuträglich  stigmatisiere  beschimpfe  verhöhne und ächte all jene  die das anders sehen  Hier geht es nicht um Gesundheit  meine Damen und Herren  sondern darum  den souveränen Völkern Europas die Volksherrschaft zu entreißen,110
85,eu9_17278,Christine Anderson,2023-04-19,"Die letzten drei Jahre haben gezeigt: Das Interesse der EU, der WHO und Big Pharma an öffentlicher Gesundheit ist genauso groß wie das Interesse der Waffenindustrie am Weltfrieden, nämlich überhaupt nicht.",Die letzten drei Jahre haben gezeigt  Das Interesse der EU  der WHO und Big Pharma an öffentlicher Gesundheit ist genauso groß wie das Interesse der Waffenindustrie am Weltfrieden  nämlich überhaupt nicht,31
86,eu9_17748,Bernhard Zimniok,2023-04-18,"Eine restriktive Migrationspolitik rettet Leben – bei uns zu Hause, in Europa und im Mittelmeer. Liebe Kollegen, wachen Sie endlich auf aus Ihren feuchten Träumen!",Eine restriktive Migrationspolitik rettet Leben – bei uns zu Hause  in Europa und im Mittelmeer  Liebe Kollegen  wachen Sie endlich auf aus Ihren feuchten Träumen,25
87,eu9_17968,Gunnar Beck,2023-04-17,"Er verteidigte sich mit den folgenden Worten: Sicher, man könne scheitern, aber, er, Habeck, habe – Zitat – „keinen Bock, in einer Regierung Minister zu sein, die sich keine großen Pläne mehr vornimmt. Deshalb lieber voll hinein ins Risiko, und vielleicht gelingt es ja auch, und dann können wir alle gemeinsam ein wenig stolz auf uns sein“ – Zitat Ende. Das ist die Politik von Hasardeuren, das heißt Menschen, die unkalkulierbare Risiken eingehen und sich dabei auf ein wohlgesinntes Schicksal statt eigene Fähigkeiten oder wissenschaftliche Erfahrungswerte verlassen. Niemand, niemand außerhalb Europas wird diese Risiken eingehen.",Er verteidigte sich mit den folgenden Worten  Sicher  man könne scheitern  aber  er  Habeck  habe – Zitat – „ keinen Bock  in einer Regierung Minister zu sein  die sich keine großen Pläne mehr vornimmt  Deshalb lieber voll hinein ins Risiko  und vielleicht gelingt es ja auch  und dann können wir alle gemeinsam ein wenig stolz auf uns sein “ – Zitat Ende  Das ist die Politik von Hasardeuren  das   heißt Menschen  die unkalkulierbare Risiken eingehen und sich dabei auf ein wohlgesinntes Schicksal statt eigene Fähigkeiten oder wissenschaftliche Erfahrungswerte verlassen  Niemand  niemand außerhalb Europas wird diese Risiken eingehen,97
88,eu9_18135,Guido Reil,2023-03-30,"Ich lehne dies im Namen der AfD ab. Wir wollen das deutsche Sozialmodell und seine gut funktionierende Tarifpartnerschaft erhalten. Was Arbeitnehmer und Arbeitgeber in Deutschland brauchen, sind berufliche Weiterbildung und Qualifikationssteigerungen sowie die drastische Senkung der Steuer- und Abgabenbelastung auf Arbeit. Ungarn führt eine vernünftige Politik. Eine Politik die finanzielle Freiheit schafft, Bevormundung beseitigt und die Lebensqualität der Bürger steigert. So werden Frauen unter 30 Jahren, die Kinder haben, von der Einkommenssteuer befreit. Ja zu Entbürokratisierung, Abschaffung überflüssiger Gesetze, Erwerbsfreiheit für die Bürger, Verbesserung der Arbeitsbedingungen und Fortbildung der Arbeitnehmer. Nein zu sozialistische Planwirtschaft!",Ich lehne dies im Namen der AfD ab  Wir wollen das deutsche Sozialmodell und seine gut funktionierende Tarifpartnerschaft erhalten  Was Arbeitnehmer und Arbeitgeber in Deutschland brauchen  sind berufliche Weiterbildung und Qualifikationssteigerungen sowie die drastische Senkung der Steuer und Abgabenbelastung auf Arbeit  Ungarn führt eine vernünftige Politik  Eine Politik die finanzielle Freiheit schafft  Bevormundung beseitigt und die Lebensqualität der Bürger steigert  So werden Frauen unter 30 Jahren  die Kinder haben  von der Einkommenssteuer befreit  Ja zu Entbürokratisierung  Abschaffung überflüssiger Gesetze  Erwerbsfreiheit für die Bürger  Verbesserung der Arbeitsbedingungen und Fortbildung der Arbeitnehmer  Nein zu sozialistische Planwirtschaft,94
89,eu9_18302,Gunnar Beck,2023-03-29,"Frau Präsidentin! Bundeskanzler Scholz hat in Brüssel einen faulen Kompromiss für E-Fuels beim EU-Verbot für Verbrennungsmotoren ausgekungelt. Der deutschen Autoindustrie hilft das nicht mehr. Sie verliert ihren Exportschlager Verbrennungsmotor und konkurriert nun mit E-Autos aus China und den USA. Beide sind massiv subventioniert, während die Kommission EU-Subventionen blockiert. Ebenso wenig hilft es den meisten Autofahrern, die sich gar kein E-Fuels-Auto leisten können. Die deutsche und die europäische Wirtschaft profitierte bislang erstens von günstiger russischer Energie und zweitens von Exporterfolgen, vor allem nach Übersee. Die EU unter deutsch-grüner Irreführung macht Energie unbezahlbar und gefährdet unsere Exportwirtschaft und damit unsere Lebensgrundlage. Beenden Sie endlich Ihren grünen Schwachsinn und Ihre Stagflationspolitik für unsere Wirtschaft und geben Sie freie Fahrt für freie Bürger.",Frau Präsidentin  Bundeskanzler Scholz hat in Brüssel einen faulen Kompromiss für EFuels beim EUVerbot für Verbrennungsmotoren ausgekungelt  Der deutschen Autoindustrie hilft das nicht mehr  Sie verliert ihren Exportschlager Verbrennungsmotor und konkurriert nun mit EAutos aus China und den USA  Beide sind massiv subventioniert  während die Kommission EUSubventionen blockiert  Ebenso wenig hilft es den meisten Autofahrern  die sich gar kein EFuelsAuto leisten können  Die deutsche und die europäische Wirtschaft profitierte bislang erstens von günstiger russischer Energie und zweitens von Exporterfolgen  vor allem nach Übersee  Die EU unter deutschgrüner Irreführung macht Energie unbezahlbar und gefährdet unsere Exportwirtschaft und damit unsere Lebensgrundlage  Beenden Sie endlich Ihren grünen Schwachsinn und Ihre Stagflationspolitik für unsere Wirtschaft und geben Sie freie Fahrt für freie Bürger,119
90,eu9_18472,Sylvia Limmer,2023-03-16,"Hatten wir hier nicht gerade Besserung im Umgang mit dem Lobbyistensumpf gelobt? Und: Ohne Pflanzenschutz geht der Ertrag massiv zurück. Die Folge sind unter anderem teure, bald knappe Lebensmittel. Mit emotionalen Bildern, toten Bienen und angeblich bösen Bauern lassen sich immer Unterschriften generieren. Im Sinne der Bürger sind sie dennoch nicht. In der Realität stimmen die Verbraucher nämlich an der Kasse mit ihrem Geldbeutel ab, und da ist Bio gerade Ladenhüter. Ich möchte daran erinnern: Unsere Aufgabe, werte Kollegen, ist nicht Wohlfühlpolitik, sondern die Sicherstellung der Ernährung.",Hatten wir hier nicht gerade Besserung im Umgang mit dem Lobbyistensumpf gelobt  Und  Ohne Pflanzenschutz geht der Ertrag massiv zurück  Die Folge sind unter anderem teure  bald knappe Lebensmittel  Mit emotionalen Bildern  toten Bienen und angeblich bösen Bauern lassen sich immer Unterschriften generieren  Im Sinne der Bürger sind sie dennoch nicht  In der Realität stimmen die Verbraucher nämlich an der Kasse mit ihrem Geldbeutel ab  und da ist Bio gerade Ladenhüter  Ich möchte daran erinnern  Unsere Aufgabe  werte Kollegen  ist nicht Wohlfühlpolitik  sondern die Sicherstellung der Ernährung,87
91,eu9_18696,Guido Reil,2023-03-15,"Herr Präsident, Herr Kommissar, liebe Kolleginnen und Kollegen! Es wird immer verrückter. Im letzten Monat haben wir das Aus des Verbrennungsmotors beschlossen, was allein in Deutschland den Verlust von 600 000 gut bezahlten Arbeitsplätzen bedeutet. Gestern haben wir die energetische Zwangssanierung von Immobilien beschlossen, was Wohnen unbezahlbar macht, ältere Gebäude faktisch wertlos und Enteignung, sprich: Zwangshypotheken, möglich macht. Heute reden wir über mehr Europa und mehr Arbeitsplätze. Wir bauen die wettbewerbsfähige Wirtschaft von morgen zum Wohle aller auf. So weit die Phantasie, jetzt zur Realität: Schaeffler baut in Deutschland 1 300 Arbeitsplätze ab, Borgas 800, Ford 3 200, ThyssenKrupp 2 200, BASF 3 000. Das Institut der deutschen Wirtschaft rechnet bis Ende des Jahres mit einem Arbeitsplatzverlust von 330 000. Das ist die Realität. Das ist die Folge des Grünen Deals, das ist die Folge der klimasozialistischen Planwirtschaft, die hier betrieben wird.",Herr Präsident  Herr Kommissar  liebe Kolleginnen und Kollegen  Es wird immer verrückter  Im letzten Monat haben wir das Aus des Verbrennungsmotors beschlossen  was allein in Deutschland den Verlust von 600   000 gut bezahlten Arbeitsplätzen bedeutet  Gestern haben wir die energetische Zwangssanierung von Immobilien beschlossen  was Wohnen unbezahlbar macht  ältere Gebäude faktisch wertlos und Enteignung  sprich  Zwangshypotheken  möglich macht  Heute reden wir über mehr Europa und mehr Arbeitsplätze  Wir bauen die wettbewerbsfähige Wirtschaft von morgen zum Wohle aller auf  So weit die Phantasie  jetzt zur Realität  Schaeffler baut in Deutschland 1   300 Arbeitsplätze ab  Borgas 800  Ford 3   200  ThyssenKrupp 2   200  BASF 3   000 Das Institut der deutschen Wirtschaft rechnet bis Ende des Jahres mit einem Arbeitsplatzverlust von 330   000 Das ist die Realität  Das ist die Folge des Grünen Deals  das ist die Folge der klimasozialistischen Planwirtschaft  die hier betrieben wird,142
92,eu9_18696,Guido Reil,2023-03-15,"Ich möchte noch einmal ganz deutlich daran erinnern: Zu keiner Zeit und in keinem Land der Geschichte hat sozialistische Planwirtschaft zu Wohlstand und Freiheit geführt, sondern immer nur zu Armut und Unfreiheit. Das müssen wir verhindern. Deswegen müssen wir den Grünen Deal einstampfen. Wir brauchen endlich wieder eine Politik des gesunden Menschenverstandes und eine Politik für die Menschen.",Ich möchte noch einmal ganz deutlich daran erinnern  Zu keiner Zeit und in keinem Land der Geschichte hat sozialistische Planwirtschaft zu Wohlstand und Freiheit geführt  sondern immer nur zu Armut und Unfreiheit  Das müssen wir verhindern  Deswegen müssen wir den Grünen Deal einstampfen  Wir brauchen endlich wieder eine Politik des gesunden Menschenverstandes und eine Politik für die Menschen,58
93,eu9_19156,Gunnar Beck,2023-03-14,"Frau Präsidentin! Die jüngste Wirtschaftsprognose der Europäischen Kommission sollte uns alle wach rütteln. Vier Mitgliedstaaten befinden sich nun offiziell in der Rezession. Die vier sind die größten Pro-Kopf-Nettozahler zum EU-Haushalt: Deutschland, Österreich, Schweden und Dänemark. Die EU hat sich im Gegensatz zu den USA nicht von der Coronakrise erholt, auch weil sie wegen ihrer unsinnigen Klimapolitik stärker von steigenden Energie- und Lebensmittelpreisen betroffen ist als irgendwer sonst. Besonders betroffen ist Deutschland, wo das Wachstum kollabiert und Löhne und Renten die galoppierende Inflation nicht ausgleichen. Die EZB indes ignoriert ihr Mandat und nimmt die Inflation hin. Deutschland zahlt netto mittlerweile über 40 % des gesamten EU-Haushalts. Was bekommen die Deutschen dafür? Die höchste Inflation seit über 70 Jahren, wirtschaftliche Stagnation und die Eskalation des Ukrainekonfliktes, der die Stagflation nicht schuf, aber beflügelt.",Frau Präsidentin  Die jüngste Wirtschaftsprognose der Europäischen Kommission sollte uns alle wach rütteln  Vier Mitgliedstaaten befinden sich nun offiziell in der Rezession  Die vier sind die größten ProKopfNettozahler zum EUHaushalt  Deutschland  Österreich  Schweden und Dänemark  Die EU hat sich im Gegensatz zu den USA nicht von der Coronakrise erholt  auch weil sie wegen ihrer unsinnigen Klimapolitik stärker von steigenden Energie und Lebensmittelpreisen betroffen ist als irgendwer sonst  Besonders betroffen ist Deutschland  wo das Wachstum kollabiert und Löhne und Renten die galoppierende Inflation nicht ausgleichen  Die EZB indes ignoriert ihr Mandat und nimmt die Inflation hin  Deutschland zahlt netto mittlerweile über 40    des gesamten EUHaushalts  Was bekommen die Deutschen dafür  Die höchste Inflation seit über 70 Jahren  wirtschaftliche Stagnation und die Eskalation des Ukrainekonfliktes  der die Stagflation nicht schuf  aber beflügelt,130
94,eu9_19156,Gunnar Beck,2023-03-14,"Vor gut 50 Jahren war der Libanon die Perle des Nahen Ostens. Dann nahm das Land Millionen unqualifizierte Flüchtlinge auf. Die Inflation stieg, und das Bruttosozialprodukt pro Kopf ist heute niedriger als 1970. Deutschland ist auf dem besten Wege, der Libanon in Mitteleuropa zu werden. Von der Leyen spricht ja gerne von der Mondlandung der EU. Vielleicht finden Sie da Ihre neue Steuerkolonie.",Vor gut 50 Jahren war der Libanon die Perle des Nahen Ostens  Dann nahm das Land Millionen unqualifizierte Flüchtlinge auf  Die Inflation stieg  und das Bruttosozialprodukt pro Kopf ist heute niedriger als 1970 Deutschland ist auf dem besten Wege  der Libanon in Mitteleuropa zu werden  Von der Leyen spricht ja gerne von der Mondlandung der EU  Vielleicht finden Sie da Ihre neue Steuerkolonie,63
95,eu9_19599,Markus Buchheit,2023-03-13,"Frau Präsidentin, sehr geehrte Damen und Herren! Der Vorschlag zur Energieeffizienz von Gebäuden beweist, dass es keinen Rückzugsort vor den Ideen der Brüsseler Weltverbesserer gibt. Nun muss also das Eigenheim, das letzte Refugium vor dem Gender- und Klimawahn, dran glauben. Ab 2028 soll EU-weit die Pflicht für den Einbau von Photovoltaikanlagen in allen Neubauten, ab 2032 in sämtlichen Häusern kommen. Öffentliche Gebäude sollen gar schon ab 2027 emissionsfrei sein. 15 % von Stellplätzen sollen für Fahrräder reserviert, pro fünf Stellplätzen eine Ladesäule für Batteriekutschen errichtet werden. In den nächsten zehn Jahren müssen alleine in Deutschland 16 Millionen Häuser mit neuen Fassadendämmungen, Dächern, Fenstern und Heizungen ausgestattet werden. Es lebe das emissionsfreie Wohnen in der Thermoskanne – Schimmel und Brandschutzprobleme inklusive! Garniert werden soll das Ganze neben staatlichem Zwang zur Umsetzung übrigens mit Zuschüssen in Höhe von 150 Milliarden EUR.",Frau Präsidentin  sehr geehrte Damen und Herren  Der Vorschlag zur Energieeffizienz von Gebäuden beweist  dass es keinen Rückzugsort vor den Ideen der Brüsseler Weltverbesserer gibt  Nun muss also das Eigenheim  das letzte Refugium vor dem Gender und Klimawahn  dran glauben  Ab 2028 soll EUweit die Pflicht für den Einbau von Photovoltaikanlagen in allen Neubauten  ab 2032 in sämtlichen Häusern kommen  Öffentliche Gebäude sollen gar schon ab 2027 emissionsfrei sein  15    von Stellplätzen sollen für Fahrräder reserviert  pro fünf Stellplätzen eine Ladesäule für Batteriekutschen errichtet werden  In den nächsten zehn Jahren müssen alleine in Deutschland 16   Millionen Häuser mit neuen Fassadendämmungen  Dächern  Fenstern und Heizungen ausgestattet werden  Es lebe das emissionsfreie Wohnen in der Thermoskanne – Schimmel und Brandschutzprobleme inklusive  Garniert werden soll das Ganze neben staatlichem Zwang zur Umsetzung übrigens mit Zuschüssen in Höhe von 150   Milliarden   EUR,138
96,eu9_19626,Guido Reil,2023-03-13,"Damit die EU ihre klima-totalitaristischen Ziele erreichen kann, wird jetzt eine Zwangssanierung eingeführt. Die EU greift immer stärker in die Wahlfreiheiten und Grundrechte der Bürger ein. Diese Politik ist wesentlich asozial und zeigt wie weit die Kommission und das Parlament von der Realität entfernt sind. Wir leben in Zeiten steigender Immobilienpreise, expandierender Energiekosten, Fachkräftemangel und Inflation. Vor kurzem wurde das Emissionshandelssystem auf Gebäude ausgedehnt. Diese Richtlinie zur Energieeffizienz von Gebäuden wird Wohnen noch teurer machen und viele Hauseigentümer und Haushalte überfordern. Sollen diese Pläne umgesetzt werden, müssten 58 Prozent der deutschen Wohnimmobilien bis 2033 saniert werden, um eine Energieklasse von mindestens D zu erreichen. Gut 46 Prozent der Eigentümer in Deutschland wissen übrigens nicht, welche Energieklasse ihr Gebäude überhaupt hat.",Damit die EU ihre klimatotalitaristischen Ziele erreichen kann  wird jetzt eine Zwangssanierung eingeführt  Die EU greift immer stärker in die Wahlfreiheiten und Grundrechte der Bürger ein  Diese Politik ist wesentlich asozial und zeigt wie weit die Kommission und das Parlament von der Realität entfernt sind  Wir leben in Zeiten steigender Immobilienpreise  expandierender Energiekosten  Fachkräftemangel und Inflation  Vor kurzem wurde das Emissionshandelssystem auf Gebäude ausgedehnt  Diese Richtlinie zur Energieeffizienz von Gebäuden wird Wohnen noch teurer machen und viele Hauseigentümer und Haushalte überfordern  Sollen diese Pläne umgesetzt werden  müssten 58   Prozent der deutschen Wohnimmobilien bis 2033 saniert werden  um eine Energieklasse von mindestens D zu erreichen  Gut 46   Prozent der Eigentümer in Deutschland wissen übrigens nicht  welche Energieklasse ihr Gebäude überhaupt hat,120
97,eu9_19742,Christine Anderson,2023-03-13,"Es wird nicht mit Argumenten, sondern mit Gewalt gegen die Opposition vorgegangen. Es findet offene politische Verfolgung statt. Mittlerweile richten sich 50 % aller gewalttätigen Angriffe auf die politischen Parteien gegen die AfD. Wer die Demokratie nur dort verteidigt, wo es ihm passt, und nicht überall dort, wo nötig, ist alles anders, aber kein Demokrat.",Es wird nicht mit Argumenten  sondern mit Gewalt gegen die Opposition vorgegangen  Es findet offene politische Verfolgung statt  Mittlerweile richten sich 50    aller gewalttätigen Angriffe auf die politischen Parteien gegen die AfD Wer die Demokratie nur dort verteidigt  wo es ihm passt  und nicht überall dort  wo nötig  ist alles anders  aber kein Demokrat,54
98,eu9_19841,Sylvia Limmer,2023-02-16,"Frau Präsidentin, verehrte Kollegen! Immerhin hat man offensichtlich begriffen, dass die Verfügbarkeit von Düngemitteln irgendwie mit Ernährungssicherheit zusammenhängt, was die Kommission trotzdem nicht abhält, die Landwirtschaft weiterhin angeblich schlecht fürs Klima zu reden. Man entblödet sich noch nicht einmal, Landwirten statt der Lebensmittelproduktion als neues Geschäftsmodell die CO2-Bindung in einer Verordnung anzutragen, für die sie sich dann ergebnisorientiert belohnen lassen sollen – von voguen Lebensmittelkonzernen und ‑behörden. Leider findet sich viel von diesem Unsinn auch in der heute abzustimmenden Entschließung, lieber Herr Lins. Man streitet sich um die kümmerliche Agrarreserve in Höhe von 450 Millionen EUR und verteilt gleichzeitig großkotzig 7,7 Milliarden EUR in Drittstaaten – afrikanischen, karibischen und pazifischen unter anderem – und faselt von grüner Energie für die Düngemittelindustrie.",Frau Präsidentin  verehrte Kollegen  Immerhin hat man offensichtlich begriffen  dass die Verfügbarkeit von Düngemitteln irgendwie mit Ernährungssicherheit zusammenhängt  was die Kommission trotzdem nicht abhält  die Landwirtschaft weiterhin angeblich schlecht fürs Klima zu reden  Man entblödet sich noch nicht einmal  Landwirten statt der Lebensmittelproduktion als neues Geschäftsmodell die CO2Bindung in einer Verordnung anzutragen  für die sie sich dann ergebnisorientiert belohnen lassen sollen   – von voguen Lebensmittelkonzernen und ‑behörden  Leider findet sich viel von diesem Unsinn auch in der heute abzustimmenden Entschließung  lieber Herr Lins  Man streitet sich um die kümmerliche Agrarreserve in Höhe von 450   Millionen   EUR und verteilt gleichzeitig großkotzig 77   Milliarden   EUR in Drittstaaten   – afrikanischen  karibischen und pazifischen unter anderem   – und faselt von grüner Energie für die Düngemittelindustrie,121
99,eu9_19841,Sylvia Limmer,2023-02-16,"Was beim Rest der Wirtschaft nicht funktioniert hat, kann man ja mal bei den Düngemittelproduzenten ausprobieren. Und bitte, bitte: Erklären Sie mir diesen Satz in Ihrer Kommissionsmitteilung: Düngemittel aus Russland können in die EU eingeführt werden. Aha, aber Gas nicht? Ich bin verwirrt. Und nur am Rande: Inflationäre Energiepreise und damit auch Düngemittelpreise sind schlicht die Folgen Ihrer verblendeten, ideologisch gefährlichen Klimapolitik. Und Sie wollen die Welt retten?",Was beim Rest der Wirtschaft nicht funktioniert hat  kann man ja mal bei den Düngemittelproduzenten ausprobieren  Und bitte  bitte  Erklären Sie mir diesen Satz in Ihrer Kommissionsmitteilung  Düngemittel aus Russland können in die EU eingeführt werden  Aha  aber Gas nicht  Ich bin verwirrt  Und nur am Rande  Inflationäre Energiepreise und damit auch Düngemittelpreise sind schlicht die Folgen Ihrer verblendeten  ideologisch gefährlichen Klimapolitik  Und Sie wollen die Welt retten,68
100,eu9_20120,Gunnar Beck,2023-02-15,"Hier werden also Märchen erzählt, denn die Hauptgründe für die Rekordinflation sind die EZB-Geldpolitik – denn wer die Geldmenge innerhalb weniger Jahre um 70 % ausweitet, kann auf Dauer Inflation nicht vermeiden – und zweitens die nutzlose EU-Klimapolitik –nutzlos, weil der Einfluss der EU auf das Weltklima bei einem Anteil von nicht einmal 8 oder 9 % an den weltweiten Emissionen asymptotisch null ist – und drittens die Russland-Sanktionen, die uns mehr schaden als Russland. Jahr für Jahr fällt die Eurozone wirtschaftlich zurück – weltweit und selbst gegenüber der Nicht-Euro-EU. Und die EU selbst fällt weltweit zurück; wir werden zweitklassig. Und deshalb sollten wir unser Geld in Zukunftssektoren investieren und nicht mit grünen Traumtänzereien vergeuden.",Hier werden also Märchen erzählt  denn die Hauptgründe für die Rekordinflation sind die EZBGeldpolitik   – denn wer die Geldmenge innerhalb weniger Jahre um 70    ausweitet  kann auf Dauer Inflation nicht vermeiden   – und zweitens die nutzlose EUKlimapolitik   – nutzlos  weil der Einfluss der EU auf das Weltklima bei einem Anteil von nicht einmal 8 oder 9    an den weltweiten Emissionen asymptotisch null ist   – und drittens die RusslandSanktionen  die uns mehr schaden als Russland  Jahr für Jahr fällt die Eurozone wirtschaftlich zurück   – weltweit und selbst gegenüber der NichtEuroEU  Und die EU selbst fällt weltweit zurück  wir werden zweitklassig  Und deshalb sollten wir unser Geld in Zukunftssektoren investieren und nicht mit grünen Traumtänzereien vergeuden,114
101,eu9_20266,Sylvia Limmer,2023-02-14,"Frau Präsidentin, Herr Timmermans, werte Kollegen! Es ist ganz einfach: Es gibt keine emissionslose Fortbewegung, das wissen selbst die E-Auto-Propagandisten unter uns. Die Emissionen von E-Autos werden nur verlagert, zum Beispiel in die Kohlekraftwerke, die nun vermehrt in Zukunft nicht nur bei Wind- und/oder Dunkelflaute einspringen müssen, oder die bei der Produktion von Traktionsbatterien freiwerden. Für eine einzige Batterie werden über 1 000 Tonnen Abraum bewegt und bis zu 40 Tonnen CO2 freigesetzt, bevor das E-Auto auch nur einen einzigen Kilometer fährt, weswegen die HerrInnen der grün-sozialistischen Einheitsfront hier im Europäischen Parlament – selbst gut vom Steuerzahler alimentiert – den Bürgern was erzählen vom Laufen und Fahrradfahren sei gesund. Verlagert werden auch Millionen Arbeitsplätze in Drittländer. Aber die Argumente sind längst ausgetauscht. Heute heißt es Farbe bekennen bei der Abstimmung.",Frau Präsidentin  Herr Timmermans  werte Kollegen  Es ist ganz einfach  Es gibt keine emissionslose Fortbewegung  das wissen selbst die EAutoPropagandisten unter uns  Die Emissionen von EAutos werden nur verlagert  zum Beispiel in die Kohlekraftwerke  die nun vermehrt in Zukunft nicht nur bei Wind und  oder Dunkelflaute einspringen müssen  oder die bei der Produktion von Traktionsbatterien freiwerden  Für eine einzige Batterie werden über 1   000 Tonnen Abraum bewegt und bis zu 40   Tonnen CO2 freigesetzt  bevor das EAuto auch nur einen einzigen Kilometer fährt  weswegen die HerrInnen der grünsozialistischen Einheitsfront hier im Europäischen Parlament   – selbst gut vom Steuerzahler alimentiert   – den Bürgern was erzählen vom Laufen und Fahrradfahren sei gesund  Verlagert werden auch Millionen Arbeitsplätze in Drittländer  Aber die Argumente sind längst ausgetauscht  Heute heißt es Farbe bekennen bei der Abstimmung,131
102,eu9_20628,Gunnar Beck,2023-02-14,"Herr Präsident, Frau Kommissarin! Erleben wir den Anfang vom Ende des grünen Terrors? Die neuen EU-Vorschriften für langfristige Investmentfonds könnte man so deuten. Die Position des EU-Parlaments war klar und wurde mit großer Mehrheit gegen die Stimmen meiner Fraktion, der ID-Fraktion, angenommen. Das Parlament wollte langfristige Investitionen möglichst in die grüne Wirtschaft lenken. Dadurch wird die Grundlage für grüne Vermögensblasen gelegt und die Stabilität der Finanzmärkte in der EU bedroht. Wir haben dies immer abgelehnt und wehren uns weiterhin gegen Fehlallokationen von Ressourcen zugunsten grüner Fantasieprojekte, die unsere Wettbewerbsfähigkeit in Europa bedrohen.",Herr Präsident  Frau Kommissarin  Erleben wir den Anfang vom Ende des grünen Terrors  Die neuen EUVorschriften für langfristige Investmentfonds könnte man so deuten  Die Position des EUParlaments war klar und wurde mit großer Mehrheit gegen die Stimmen meiner Fraktion  der IDFraktion  angenommen  Das Parlament wollte langfristige Investitionen möglichst in die grüne Wirtschaft lenken  Dadurch wird die Grundlage für grüne Vermögensblasen gelegt und die Stabilität der Finanzmärkte in der EU bedroht  Wir haben dies immer abgelehnt und wehren uns weiterhin gegen Fehlallokationen von Ressourcen zugunsten grüner Fantasieprojekte  die unsere Wettbewerbsfähigkeit in Europa bedrohen,92
103,eu9_20804,Bernhard Zimniok,2023-02-13,"Die sogenannten Klimakleber terrorisieren in Deutschland die arbeitende Bevölkerung, blockieren Rettungsdienste. Strafzahlungen können sie nicht beeindrucken, weil sie großzügige Unterstützung von den Erben amerikanischer Ölmilliardäre erhalten. Selbst die deutsche Regierung unterstützt die Klimaextremisten, obwohl die Mehrheit der Bevölkerung dies ablehnt. Und auch die EU-Kommission ist keinen Deut besser; das zeigt nicht nur der aktuelle Korruptionsfall. Im EU-Migrationspakt wurde explizit der Einfluss der asylfreundlichen NGOs hervorgehoben. Gleichzeitig wurden tausende kritische Kommentare von europäischen Bürgern nicht berücksichtigt. Wie kann es sein, dass nicht gewählte NGOs einen größeren Einfluss ausüben als die Bevölkerung, obwohl die Mehrheit der Bürger die Ideologie der NGOs ablehnt? Was hat das bitte noch mit Demokratie zu tun?",Die sogenannten Klimakleber terrorisieren in Deutschland die arbeitende Bevölkerung  blockieren Rettungsdienste  Strafzahlungen können sie nicht beeindrucken  weil sie großzügige Unterstützung von den Erben amerikanischer Ölmilliardäre erhalten  Selbst die deutsche Regierung unterstützt die Klimaextremisten  obwohl die Mehrheit der Bevölkerung dies ablehnt  Und auch die EUKommission ist keinen Deut besser  das zeigt nicht nur der aktuelle Korruptionsfall  Im EUMigrationspakt wurde explizit der Einfluss der asylfreundlichen NGOs hervorgehoben  Gleichzeitig wurden tausende kritische Kommentare von europäischen Bürgern nicht berücksichtigt  Wie kann es sein  dass nicht gewählte NGOs einen größeren Einfluss ausüben als die Bevölkerung  obwohl die Mehrheit der Bürger die Ideologie der NGOs ablehnt  Was hat das bitte noch mit Demokratie zu tun,109
104,eu9_20916,Bernhard Zimniok,2023-02-02,"Ich rufe Sie und die Regierungen der EU-Staaten auf, diesen offensichtlichen Irrweg zu verlassen und endlich zu akzeptieren, dass wir es hier mit einer anderen Realität zu tun haben, als wir hier im Parlament sehen. Beenden wir dieses unwürdige Sterben!",Ich rufe Sie und die Regierungen der EUStaaten auf  diesen offensichtlichen Irrweg zu verlassen und endlich zu akzeptieren  dass wir es hier mit einer anderen Realität zu tun haben  als wir hier im Parlament sehen  Beenden wir dieses unwürdige Sterben,40
105,eu9_21472,Joachim Kuhs,2023-01-18,"Zwischen den Zeilen gelesen – und das haben Sie, Herr Vizepräsident, und auch meine Vorrednerin ja bestätigt – fordert der Bericht sogar, die EIB in eine europäische Klimabank umzuwandeln, die nicht nur die EU, sondern die ganze Welt vor dem Klimawandel schützen soll. Ich bin leider sicher: Es wird nicht mehr lange dauern, bis deutsche und auch andere europäische Steuerzahler für die Klimawende in Brasilien oder für angebliche Klimaschäden in Pakistan aufkommen müssen. Dieser Bericht sollte daher nicht weiter befasst werden, damit wir unsere Zeit und unser Geld mehr für Investitionen verwenden können, die gut für die Menschen sind, die wir in diesem Hause vertreten.",Zwischen den Zeilen gelesen   – und das haben Sie  Herr Vizepräsident  und auch meine Vorrednerin ja bestätigt   – fordert der Bericht sogar  die EIB in eine europäische Klimabank umzuwandeln  die nicht nur die EU  sondern die ganze Welt vor dem Klimawandel schützen soll  Ich bin leider sicher  Es wird nicht mehr lange dauern  bis deutsche und auch andere europäische Steuerzahler für die Klimawende in Brasilien oder für angebliche Klimaschäden in Pakistan aufkommen müssen  Dieser Bericht sollte daher nicht weiter befasst werden  damit wir unsere Zeit und unser Geld mehr für Investitionen verwenden können  die gut für die Menschen sind  die wir in diesem Hause vertreten,105
106,eu9_21497,Gunnar Beck,2023-01-18,"Im Ausschuss für Wirtschaft und Währung wird mein Vorschlag, die Definition politisch exponierter Personen auf Manager von EU-subventionierten NGOs zu erweitern, von den selbsterklärten Vorkämpfern gegen Korruption in anderen Fraktionen abgelehnt. Ob von der Leyens SMS an den CEO von Pfizer, sozialistische Abgeordnete, die Bestechungsgelder aus Katar und Marokko erhalten, oder die Verbindungen der EZB zu BlackRock und Goldman Sachs – eines bleibt deutlich: Vertreter der herrschenden Meinung werden nicht verfolgt, nur hin und wieder gibt es ein Bauernopfer.",Im Ausschuss für Wirtschaft und Währung wird mein Vorschlag  die Definition politisch exponierter Personen auf Manager von EUsubventionierten NGOs zu erweitern  von den selbsterklärten Vorkämpfern gegen Korruption in anderen Fraktionen abgelehnt  Ob von der Leyens SMS an den CEO von Pfizer  sozialistische Abgeordnete  die Bestechungsgelder aus Katar und Marokko erhalten  oder die Verbindungen der EZB zu BlackRock und Goldman Sachs – eines bleibt deutlich  Vertreter der herrschenden Meinung werden nicht verfolgt  nur hin und wieder gibt es ein Bauernopfer,79
107,eu9_21547,Bernhard Zimniok,2023-01-18,"Es gäbe trotzdem unzählige Beispiele dafür, wie unser demokratisches System unter Beschuss genommen wird: eine EU, die den Anschlag auf Nord Stream 2 nicht aufklären will, weil der Täter vermutlich der falsche ist; eine Regierungspartei, die Seite an Seite mit Klimaextremisten demonstriert, die Pflastersteine und Molotowcocktails auf Polizisten werfen und dabei ein Umsturz zum System Sozialismus hin fordern; eine Migrationspolitik, die ständig zu massiver Migrantengewalt führt; eine Corona-Politik, bei der Abermillionen ungeimpfter Wissenschaftsleugner diskriminiert wurden, und die Instrumentalisierung staatlicher Institutionen zum Kampf gegen die Opposition.",Es gäbe trotzdem unzählige Beispiele dafür  wie unser demokratisches System unter Beschuss genommen wird  eine EU  die den Anschlag auf Nord Stream   2 nicht aufklären will  weil der Täter vermutlich der falsche ist  eine Regierungspartei  die Seite an Seite mit Klimaextremisten demonstriert  die Pflastersteine und Molotowcocktails auf Polizisten werfen und dabei ein Umsturz zum System Sozialismus hin fordern  eine Migrationspolitik  die ständig zu massiver Migrantengewalt führt  eine CoronaPolitik  bei der Abermillionen ungeimpfter Wissenschaftsleugner diskriminiert wurden  und die Instrumentalisierung staatlicher Institutionen zum Kampf gegen die Opposition,85
108,eu9_21911,Nicolaus Fest,2023-01-17,"Nun sehen wir: In immer weiteren Bereichen tut sie nichts für das Wohl der Bürger, sondern unterminiert den Wohlstand und nun auch die körperliche Gesundheit. Frau Kommissarin, wenn die EU-Kommission nicht irgendwann mal anfängt, ihre Versprechen zu erfüllen, dann muss man sich fragen: Warum gehört man eigentlich diesem Laden noch an?",Nun sehen wir  In immer weiteren Bereichen tut sie nichts für das Wohl der Bürger  sondern unterminiert den Wohlstand und nun auch die körperliche Gesundheit  Frau Kommissarin  wenn die EUKommission nicht irgendwann mal anfängt  ihre Versprechen zu erfüllen  dann muss man sich fragen  Warum gehört man eigentlich diesem Laden noch an,51
109,eu9_22271,Jörg Meuthen,2023-01-16,"Die Kommission wird ihren Aufgaben der Verteidigung der Errungenschaften des Binnenmarktes unter Frau von der Leyens Führung leider alles andere als gerecht: Unkontrollierte Masseneinwanderung, übrigens auch aus diesem Haus gefördert, ist eine existenzielle Gefahr für unseren freiheitlichen Wirtschaftsraum, ebenso wie eine übergriffige Kommission, die im Zuge ihrer Klimarettung wahre Subventionsorgien auf Pump auf den Weg bringt. Feiern wir heute also lieber nicht zu laut, sondern tun wir lieber endlich, was getan werden muss, um das Erreichte nicht fahrlässig wieder zu verspielen. Da liegt einiges im Argen.",Die Kommission wird ihren Aufgaben der Verteidigung der Errungenschaften des Binnenmarktes unter Frau von   der   Leyens Führung leider alles andere als gerecht  Unkontrollierte Masseneinwanderung  übrigens auch aus diesem Haus gefördert  ist eine existenzielle Gefahr für unseren freiheitlichen Wirtschaftsraum  ebenso wie eine übergriffige Kommission  die im Zuge ihrer Klimarettung wahre Subventionsorgien auf Pump auf den Weg bringt  Feiern wir heute also lieber nicht zu laut  sondern tun wir lieber endlich  was getan werden muss  um das Erreichte nicht fahrlässig wieder zu verspielen  Da liegt einiges im Argen,86
110,eu9_22564,Sylvia Limmer,2022-12-14,"Herr Präsident! Das ist das Resultat ideologisch verblendeter Energiepolitik. Das ist das Ergebnis grüner Politik, sozusagen gelebter Green Deal. Frieren zu Hause, im Büro und in öffentlichen Gebäuden. Aber Energieeinsparzwang und drohende Energierationierungen sind lediglich die unmittelbaren Folgen ihres CO2-Tunnelblicks, lächerlicher, volatiler erneuerbarer Energien und einer Sanktionspolitik, die zuallererst uns selbst schadet. Diese Energiepolitik ist die Rückabwicklung unserer gesamten modernen Zivilisationsgeschichte, sie ist sozusagen Ihre Antithese. Und Sie? Ah, Frau von der Leyen, hat offensichtlich den Rückzug in ihr – vermutlich warmes – Büro bereits angetreten. Und Sie, der Europäische Rat, Ihre nicht gewählte EU-Kommission mit Legislativbefugnis und leider auch eine Mehrheit im EU-Parlament und ihre Politik sind eine Zumutung für alle Bürger.",Herr Präsident  Das ist das Resultat ideologisch verblendeter Energiepolitik  Das ist das Ergebnis grüner Politik  sozusagen gelebter Green Deal  Frieren zu Hause  im Büro und in öffentlichen Gebäuden  Aber Energieeinsparzwang und drohende Energierationierungen sind lediglich die unmittelbaren Folgen ihres CO2Tunnelblicks  lächerlicher  volatiler erneuerbarer Energien und einer Sanktionspolitik  die zuallererst uns selbst schadet  Diese Energiepolitik ist die Rückabwicklung unserer gesamten modernen Zivilisationsgeschichte  sie ist sozusagen Ihre Antithese  Und Sie  Ah  Frau von der Leyen  hat offensichtlich den Rückzug in ihr   – vermutlich warmes   – Büro bereits angetreten  Und Sie  der Europäische Rat  Ihre nicht gewählte EUKommission mit Legislativbefugnis und leider auch eine Mehrheit im EUParlament und ihre Politik sind eine Zumutung für alle Bürger,113
111,eu9_22640,Gunnar Beck,2022-12-14,"Ferner erhöhte die EZB unter Draghi und Lagarde die Geldmenge um mindestens 70 %. Jeder Vorschüler weiß, dass die Preise steigen, wenn die Zentralbank zu viel Geld schafft. Deshalb: Beenden Sie ihre sinnlose Klimapolitik, deren Einfluss auf das Weltklima bei einem EU-Anteil von 8 % an den weltweiten Emissionen null ist. Bändigen Sie die EZB, die die Eurozone nur noch durch Inflation zu retten weiß, und beenden Sie die Wirtschaftssanktionen gegen Russland, die uns mehr schaden als Wladimir Putin. Anders gesagt: Machen Sie alles anders als seit zehn Jahren, und machen Sie nichts so wie bislang!",Ferner erhöhte die EZB unter Draghi und Lagarde die Geldmenge um mindestens 70     Jeder Vorschüler weiß  dass die Preise steigen  wenn die Zentralbank zu viel Geld schafft  Deshalb  Beenden Sie ihre sinnlose Klimapolitik  deren Einfluss auf das Weltklima bei einem EUAnteil von 8    an den weltweiten Emissionen null ist  Bändigen Sie die EZB  die die Eurozone nur noch durch Inflation zu retten weiß  und beenden Sie die Wirtschaftssanktionen gegen Russland  die uns mehr schaden als Wladimir Putin  Anders gesagt  Machen Sie alles anders als seit zehn Jahren  und machen Sie nichts so wie bislang,94
112,eu9_22682,Guido Reil,2022-12-14,"Ja, die Lebenshaltungskosten sind spektakulär angestiegen. Und jetzt stellt die EU sich als das soziale Gewissen vor. Mit höheren Löhnen und noch mehr Umverteilung sollen die steigenden Lebenshaltungskosten bekämpft werden. Auch die zunehmende sozialpolitische Regulierung – die Vorschläge zu einem EU-Mindestlohn und Lohntransparenz – wird als soziale Gerechtigkeit vorgestellt. In Wirklichkeit ist hauptsächlich die EU selbst schuld. Mit der katastrophalen Geldpolitik der EZB und ihrer Klimapolitik. Mit ihrer Klimapolitik führt die EU eine Politik der sozialen Kälte. Sozialpolitik geht um den Schutz der Schwächeren in unserer Gesellschaft. Die EU-Elite tut genau das Gegenteil. Sie hat Energie zur wichtigsten sozialen Frage des 21. Jahrhunderts gemacht. Und jetzt versucht sie dies zu verschleiern.",Ja  die Lebenshaltungskosten sind spektakulär angestiegen  Und jetzt stellt die EU sich als das soziale Gewissen vor  Mit höheren Löhnen und noch mehr Umverteilung sollen die steigenden Lebenshaltungskosten bekämpft werden  Auch die zunehmende sozialpolitische Regulierung   – die Vorschläge zu einem EUMindestlohn und Lohntransparenz   – wird als soziale Gerechtigkeit vorgestellt  In Wirklichkeit ist hauptsächlich die EU selbst schuld  Mit der katastrophalen Geldpolitik der EZB und ihrer Klimapolitik  Mit ihrer Klimapolitik führt die EU eine Politik der sozialen Kälte  Sozialpolitik geht um den Schutz der Schwächeren in unserer Gesellschaft  Die EUElite tut genau das Gegenteil  Sie hat Energie zur wichtigsten sozialen Frage des 21   Jahrhunderts gemacht  Und jetzt versucht sie dies zu verschleiern,111
113,eu9_22768,Bernhard Zimniok,2022-12-14,"Eine Auslandsfinanzierung, wie bei den Klimaterroristen von „Letzte Generation“, muss verboten werden. Wer die Einflussnahme von außen beenden will, muss alle Akteure unvoreingenommen untersuchen.",Eine Auslandsfinanzierung  wie bei den Klimaterroristen von „ Letzte Generation “  muss verboten werden  Wer die Einflussnahme von außen beenden will  muss alle Akteure unvoreingenommen untersuchen,26
114,eu9_22848,Joachim Kuhs,2022-12-14,"Mögen auch Sie sich an allen Geschenken, die sie zur Weihnachtszeit bekommen, von Herzen und ohne Reue freuen können.",Mögen auch Sie sich an allen Geschenken  die sie zur Weihnachtszeit bekommen  von Herzen und ohne Reue freuen können,19
115,eu9_23181,Nicolaus Fest,2022-12-13,"Solange die linke Mehrheit Präsidium und Ausschüsse als closed shop behandelt und nicht allen Fraktionen einen Sitz gewährt, wird sich daran auch nichts ändern.",Solange die linke Mehrheit Präsidium und Ausschüsse als closed shop behandelt und nicht allen Fraktionen einen Sitz gewährt  wird sich daran auch nichts ändern,24
116,eu9_23355,Bernhard Zimniok,2022-12-13,"Soll nun Georgien als nächstes Land Milliarden aus Brüssel kassieren? Der Erweiterungsprozess muss gestoppt werden, oder die EU wird es als solche zerreißen.",Soll nun Georgien als nächstes Land Milliarden aus Brüssel kassieren  Der Erweiterungsprozess muss gestoppt werden  oder die EU wird es als solche zerreißen,23
117,eu9_23597,Gunnar Beck,2022-12-12,"Frau Präsidentin! Das deutsche Verfassungsgericht erklärte letzte Woche das NextGenerationEU-Paket und die Aufnahme von sagenhaften mehr als 800 Milliarden Euro Schulden für EU-vertragskonform – dies, obwohl gleich drei Vertragsartikel der EU gemeinsame Schuldenaufnahme untersagen: Artikel 310, 311 und 125. Immerhin, die Richter monierten, fast 300 Milliarden Euro seien von der Kommission zweckentfremdet und nicht für den Post-Covid-Wiederaufbau, sondern die Finanzierung der unsinnigen Klimarettung missbraucht worden. Doch solange Rettungsprogramme im Europäischen Rat einstimmig verabschiedet würden und im Umfang und Zeit begrenzt seien, sei Missbrauch kein Problem. So liefert das Gericht gleich eine Blaupause für weitere Schuldenprogramme. Hätten die Richter geurteilt, Recht sei nur die Fortsetzung der Politik mit anderen Mitteln, so wären sie immerhin ehrlich.",Frau Präsidentin  Das deutsche Verfassungsgericht erklärte letzte Woche das NextGenerationEUPaket und die Aufnahme von sagenhaften mehr als 800   Milliarden Euro Schulden für EUvertragskonform   – dies  obwohl gleich drei Vertragsartikel der EU gemeinsame Schuldenaufnahme untersagen  Artikel   310  311 und 125 Immerhin  die Richter monierten  fast 300   Milliarden Euro seien von der Kommission zweckentfremdet und nicht für den PostCovidWiederaufbau  sondern die Finanzierung der unsinnigen Klimarettung missbraucht worden  Doch solange Rettungsprogramme im Europäischen Rat einstimmig verabschiedet würden und im Umfang und Zeit begrenzt seien  sei Missbrauch kein Problem  So liefert das Gericht gleich eine Blaupause für weitere Schuldenprogramme  Hätten die Richter geurteilt  Recht sei nur die Fortsetzung der Politik mit anderen Mitteln  so wären sie immerhin ehrlich,114
118,eu9_23994,Sylvia Limmer,2022-11-23,"Ihr Möchtegern-Biodiversitätsschutz ist nicht nur verlogen, sondern findet in einem kollektiven Anfall von Klima-Schizophrenie schlicht nicht statt.",Ihr MöchtegernBiodiversitätsschutz ist nicht nur verlogen  sondern findet in einem kollektiven Anfall von KlimaSchizophrenie schlicht nicht statt,17
119,eu9_24080,Bernhard Zimniok,2022-11-23,"Mal ganz abgesehen davon, dass unsere Kapazitäten diese Menschen nicht aufnehmen können – diese Menschen können einen Wandel von innen heraus bewirken, den wir nicht können. Wir müssen endlich aufhören, aus westlicher Arroganz heraus zu entscheiden, was gut für Afghanistan, was gut für den Rest der Welt ist.",Mal ganz abgesehen davon  dass unsere Kapazitäten diese Menschen nicht aufnehmen können   – diese Menschen können einen Wandel von innen heraus bewirken  den wir nicht können  Wir müssen endlich aufhören  aus westlicher Arroganz heraus zu entscheiden  was gut für Afghanistan  was gut für den Rest der Welt ist,48
120,eu9_24313,Jörg Meuthen,2022-11-22,"Es muss bei der reinen Beitragsfinanzierung durch die souveränen Mitgliedstaaten bleiben. So sehen es die Verträge vor, und dieses Haus hat die Pflicht, für die Einhaltung der Verträge zu sorgen. Zusätzliche Schulden, um jetzt noch mehr Geld in den Markt zu pumpen, und das auf Kosten der kommenden Generationen, ist im wahrsten Sinne des Wortes – Verzeihung – asozial.",Es muss bei der reinen Beitragsfinanzierung durch die souveränen Mitgliedstaaten bleiben  So sehen es die Verträge vor  und dieses Haus hat die Pflicht  für die Einhaltung der Verträge zu sorgen  Zusätzliche Schulden  um jetzt noch mehr Geld in den Markt zu pumpen  und das auf Kosten der kommenden Generationen  ist im wahrsten Sinne des Wortes   – Verzeihung   – asozial,59
121,eu9_24365,Gunnar Beck,2022-11-22,"Sehr geehrte Herren Kommissare! Die Eurozone hat mit Großbritannien die höchste Inflationsrate und die schlechtesten Wachstumsdaten und -prognosen der entwickelten Welt. Schuld daran, so die Kommission und die EZB, sei nicht die EU-Wirtschafts- und -Geldpolitik, sondern unglückliche Umstände: Covid, der Ukraine-Krieg, das Klima etc. etc. Deshalb sollen jetzt die Schuldenabbau-Leitlinien für Mitgliedstaaten flexibilisiert werden, das heißt, Schulden sollen langsamer abgebaut werden und einstweilen mehr Schulden gemacht werden. Seit 2008 sind die Schulden der Mitgliedstaaten eskaliert, ohne Wachstumseffekt. Dennoch ist die Kommission zuversichtlich, mit mehr Schulden mehr Wachstum zu schaffen. Doch woher – meine Frage – nehmen Sie diese Gewissheit? Anders gesagt: Was haben Ihre Vorgänger und die nationalen Regierungen seit 2008, der großen Finanzkrise, falsch gemacht? Und was genau werden Sie jetzt richtig machen, was Ihre Vorgänger falsch machten?",Sehr geehrte Herren Kommissare  Die Eurozone hat mit Großbritannien die höchste Inflationsrate und die schlechtesten Wachstumsdaten und prognosen der entwickelten Welt  Schuld daran  so die Kommission und die EZB  sei nicht die EUWirtschafts und Geldpolitik  sondern unglückliche Umstände  Covid  der UkraineKrieg  das Klima etc etc Deshalb sollen jetzt die SchuldenabbauLeitlinien für Mitgliedstaaten flexibilisiert werden  das heißt  Schulden sollen langsamer abgebaut werden und einstweilen mehr Schulden gemacht werden  Seit 2008 sind die Schulden der Mitgliedstaaten eskaliert  ohne Wachstumseffekt  Dennoch ist die Kommission zuversichtlich  mit mehr Schulden mehr Wachstum zu schaffen  Doch woher   – meine Frage   – nehmen Sie diese Gewissheit  Anders gesagt  Was haben Ihre Vorgänger und die nationalen Regierungen seit 2008  der großen Finanzkrise  falsch gemacht  Und was genau werden Sie jetzt richtig machen  was Ihre Vorgänger falsch machten,129
122,eu9_24365,Gunnar Beck,2022-11-22,"Immerhin waren Ihre Vorgänger sich genauso sicher wie Sie, mehr Wachstum mit mehr Schulden zu machen.",Immerhin waren Ihre Vorgänger sich genauso sicher wie Sie  mehr Wachstum mit mehr Schulden zu machen,16
123,eu9_24641,Nicolaus Fest,2022-11-21,"Ich glaube, da müsste man ansetzen: Man müsste die Budgets der EU deutlich zurückschneiden, dann wird auch die Korruption deutlich zurückgehen.",Ich glaube  da müsste man ansetzen  Man müsste die Budgets der EU deutlich zurückschneiden  dann wird auch die Korruption deutlich zurückgehen,21
124,eu9_24782,Markus Buchheit,2022-11-21,"Das führt zu massiven Problemen, und wir können sagen, dass das eben nicht nur für meine eigene Region und Ingolstadt, sondern für den gesamten Wirtschaftsstandort Deutschland für massive Probleme sorgen wird.",Das führt zu massiven Problemen  und wir können sagen  dass das eben nicht nur für meine eigene Region und Ingolstadt  sondern für den gesamten Wirtschaftsstandort Deutschland für massive Probleme sorgen wird,31
125,eu9_24966,Sylvia Limmer,2022-11-09,"Herr Präsident! Bei den Forderungen des Europäischen Rates zur Energie kann sich jeder mit einem gesunden Menschenverstand Ausgestattete nur wundern. Die Lösungen sollen mehr Energieeinsparungen und noch mehr nicht grundlastfähige erneuerbare Energien sein. Aber genau Letzteres hat uns die Abhängigkeit von billigem russischem Gas erst beschert. Es ist also die eigene irre grüne Ideologie plus Sanktionspolitik plus Energieverknappung und Verteuerung, die zur Energiekrise geführt hat – und genau das Gegenteil bewirkt, nämlich mehr CO2­Emissionen. Nicht weil wir jetzt eine Renaissance der Kohle in der EU erleben. Auch China verfeuert mehr Kohle als der Rest der Welt, auch um uns mit Batterien und Rohstoffen für angeblich emissionsfreie E-Autos zu beliefern. Nicht grüne Flatterenergie, sondern Kernenergie ist die Energie zukünftiger Industrienationen.",Herr Präsident  Bei den Forderungen des Europäischen Rates zur Energie kann sich jeder mit einem gesunden Menschenverstand Ausgestattete nur wundern  Die Lösungen sollen mehr Energieeinsparungen und noch mehr nicht grundlastfähige erneuerbare Energien sein  Aber genau Letzteres hat uns die Abhängigkeit von billigem russischem Gas erst beschert  Es ist also die eigene irre grüne Ideologie plus Sanktionspolitik plus Energieverknappung und Verteuerung  die zur Energiekrise geführt hat   – und genau das Gegenteil bewirkt  nämlich mehr CO2­Emissionen  Nicht weil wir jetzt eine Renaissance der Kohle in der EU erleben  Auch China verfeuert mehr Kohle als der Rest der Welt  auch um uns mit Batterien und Rohstoffen für angeblich emissionsfreie EAutos zu beliefern  Nicht grüne Flatterenergie  sondern Kernenergie ist die Energie zukünftiger Industrienationen,119
126,eu9_24966,Sylvia Limmer,2022-11-09,"Und darüber, dass man in der EU russisches LNG zehnfach teurer und mit zehnfach mehr CO2­Emissionen als Pipelinegas über den Umweg China einkauft, schweigt man sich auch lieber aus.",Und darüber  dass man in der EU russisches LNG zehnfach teurer und mit zehnfach mehr CO2­Emissionen als Pipelinegas über den Umweg China einkauft  schweigt man sich auch lieber aus,29
127,eu9_25018,Gunnar Beck,2022-11-09,"Herr Präsident! Seit Angela Merkel verfolgt Deutschland eine fürwahr phantastische Energiepolitik: weg von heimischer Kohle und Kernenergie, hin zu Solar- und Windenergie. Die Folge: Abhängigkeit von russischem Erdgas. Jetzt legt die EU-Kommission einen Zuschussfonds, das sogenannte REPowerEU, von anfangs 20 Milliarden EUR, auf, um die Abhängigkeit von russischem Gas zu mindern. Die absehbaren Kosten auf lange Sicht: ein Vielfaches der 20 Milliarden. Kommissionspräsidentin von der Leyen will das Geld nach dem Corona-Fonds-Schlüssel verteilen. Das heißt: Deutschland bekommt wenig; kaum Russland-abhängige Länder hingegen bekämen weit mehr. Der Europäische Rechnungshof erwidert: Falsch. Sei der Zweck, die Abhängigkeit von Russland zu mindern, sollte das extrem abhängige Deutschland mehr bekommen. Europäische Solidarität heißt also: Deutsche zahlen für das Versagen anderer Eurostaaten.",Herr Präsident  Seit Angela Merkel verfolgt Deutschland eine fürwahr phantastische Energiepolitik  weg von heimischer Kohle und Kernenergie  hin zu Solar und Windenergie  Die Folge  Abhängigkeit von russischem Erdgas  Jetzt legt die EUKommission einen Zuschussfonds  das sogenannte REPowerEU  von anfangs 20   Milliarden   EUR  auf  um die Abhängigkeit von russischem Gas zu mindern  Die absehbaren Kosten auf lange Sicht  ein Vielfaches der 20   Milliarden  Kommissionspräsidentin von der Leyen will das Geld nach dem CoronaFondsSchlüssel verteilen  Das heißt  Deutschland bekommt wenig  kaum Russlandabhängige Länder hingegen bekämen weit mehr  Der Europäische Rechnungshof erwidert  Falsch  Sei der Zweck  die Abhängigkeit von Russland zu mindern  sollte das extrem abhängige Deutschland mehr bekommen  Europäische Solidarität heißt also  Deutsche zahlen für das Versagen anderer Eurostaaten,117
128,eu9_25018,Gunnar Beck,2022-11-09,"Versagt die eigene Regierung indes, verwehrt uns Deutschen die Kommission die so häufig gepriesene Solidarität. Das EU-Parlament will sogar, dass REPowerEU-Mittel nicht in fossile Brennstoffe und Kernenergie, sondern nur in wetterabhängige Solar- und Windenergie investiert werden dürfen. Das heißt: Statt von Russland werden wir dann von den Launen von Helios und Aiolos abhängig, von Sonnen- und Windgott. Damit retten Sie nicht das Klima, sondern schaffen nur mehr Abhängigkeit von der Natur, zivilisatorische Rückentwicklung und Massenarmut hier in Europa.",Versagt die eigene Regierung indes  verwehrt uns Deutschen die Kommission die so häufig gepriesene Solidarität  Das EUParlament will sogar  dass REPowerEUMittel nicht in fossile Brennstoffe und Kernenergie  sondern nur in wetterabhängige Solar und Windenergie investiert werden dürfen  Das heißt  Statt von Russland werden wir dann von den Launen von Helios und Aiolos abhängig  von Sonnen und Windgott  Damit retten Sie nicht das Klima  sondern schaffen nur mehr Abhängigkeit von der Natur  zivilisatorische Rückentwicklung und Massenarmut hier in Europa,78
129,eu9_25341,Jörg Meuthen,2022-10-19,"So wird die Inflation nur noch weiter steigen. Wir brauchen nun schnell hohe Leitzinsen. Die USA haben das übrigens richtig erkannt. Die beste Medizin ist oft auch die bitterste. Wir müssen jetzt eine gewisse Rezession in Kauf nehmen, um die Inflation schnellstmöglich zu senken – im Interesse von Millionen Verbrauchern in Europa. Erst dann, danach, kann es wieder aufwärtsgehen.",So wird die Inflation nur noch weiter steigen  Wir brauchen nun schnell hohe Leitzinsen  Die USA haben das übrigens richtig erkannt  Die beste Medizin ist oft auch die bitterste  Wir müssen jetzt eine gewisse Rezession in Kauf nehmen  um die Inflation schnellstmöglich zu senken – im Interesse von Millionen Verbrauchern in Europa  Erst dann  danach  kann es wieder aufwärtsgehen,59
130,eu9_25499,Bernhard Zimniok,2022-10-19,"Es ist an der Zeit, das Scheitern endlich einzugestehen, den Aufnahmeprozess ein für alle Mal zu beenden und die Steuergelder in dieser größten Wirtschaftskrise für die einzusetzen, die sie erwirtschaften: für den europäischen Bürger.",Es ist an der Zeit  das Scheitern endlich einzugestehen  den Aufnahmeprozess ein für alle Mal zu beenden und die Steuergelder in dieser größten Wirtschaftskrise für die einzusetzen  die sie erwirtschaften  für den europäischen Bürger,34
131,eu9_25736,Gunnar Beck,2022-10-18,"Herr Präsident! Die Ölpreise haben sich seit Anfang 2021 verdoppelt, die Kohlepreise haben sich verdreifacht und die Gaspreise mehr als verfünffacht. Laut dem Internationalen Währungsfonds werden die Preise bis mindestens 2026 weiter stark steigen. Ein Hauptgrund: die Verdoppelung des Preises für CO2-Zertifikate und ganz allgemein die EU-Klimarettungspolitik. Es profitieren von den Preissteigerungen die Energieunternehmen und die EU selbst. Firmenübergewinne wollen Sie nun teilweise abschöpfen – so weit richtig. Doch wem zum Nutzen? Nicht den Verbrauchern, sondern der EU selbst für noch ehrgeizigere Klimaziele. Nur der EU-Anteil an den weltweiten CO2-Emissionen liegt bei rund 8 %. Keine andere Weltregion, nicht einmal die USA, teilen Ihre Klimaziele. Unser Einfluss auf das Weltklima ist gleich null. Wissen Sie was? Ihr Ziel ist gar nicht die Weltrettung, sondern Massenverelendung und zivilisatorischer Rückschritt für Europa.",Herr Präsident  Die Ölpreise haben sich seit Anfang 2021 verdoppelt  die Kohlepreise haben sich verdreifacht und die Gaspreise mehr als verfünffacht  Laut dem Internationalen Währungsfonds werden die Preise bis mindestens 2026 weiter stark steigen  Ein Hauptgrund  die Verdoppelung des Preises für CO2Zertifikate und ganz allgemein die EUKlimarettungspolitik  Es profitieren von den Preissteigerungen die Energieunternehmen und die EU selbst  Firmenübergewinne wollen Sie nun teilweise abschöpfen   – so weit richtig  Doch wem zum Nutzen  Nicht den Verbrauchern  sondern der EU selbst für noch ehrgeizigere Klimaziele  Nur der EUAnteil an den weltweiten CO2Emissionen liegt bei rund 8     Keine andere Weltregion  nicht einmal die USA  teilen Ihre Klimaziele  Unser Einfluss auf das Weltklima ist gleich null  Wissen Sie was  Ihr Ziel ist gar nicht die Weltrettung  sondern Massenverelendung und zivilisatorischer Rückschritt für Europa,129
132,eu9_25850,Joachim Kuhs,2022-10-18,"Doch was geschieht mit den Gehältern? Wenn man nicht zufällig in einer EU-Behörde arbeitet, dann bleiben die Gehälter vorerst gleich. Wie also hilft die EU unseren verzweifelten Bürgern? Beendet sie die Energiekrise? Beendet sie den Krieg? Stoppt sie den Klimawandel-Wahnsinn? Nein, leider nicht. Der vorliegende Haushaltsentwurf verschafft der Ukraine, der Green-Deal-Politik und vielem woken Unsinn einen endlosen Geldfluss. Anscheinend finden wir es wichtiger, dass wir zu unserem Schaden Russland sanktionieren und einen tödlichen Krieg in der Ukraine finanzieren, als dafür zu sorgen, dass unsere hart arbeitenden Bürger und unsere Familien ihre Stromrechnung und ihre Lebensmittel bezahlen können. Nur für die Statistik: Das Wort Gender wird 98 Mal genannt, die Ukraine 92 Mal, das Klima 74 Mal. Das Wort Familie, das Rückgrat der Union, kommt kein einziges Mal vor. Um die Sache noch schlimmer zu machen, fördert der Entwurf Militarismus und Russophobie.",Doch was geschieht mit den Gehältern  Wenn man nicht zufällig in einer EUBehörde arbeitet  dann bleiben die Gehälter vorerst gleich  Wie also hilft die EU unseren verzweifelten Bürgern  Beendet sie die Energiekrise  Beendet sie den Krieg  Stoppt sie den KlimawandelWahnsinn  Nein  leider nicht  Der vorliegende Haushaltsentwurf verschafft der Ukraine  der GreenDealPolitik und vielem woken Unsinn einen endlosen Geldfluss  Anscheinend finden wir es wichtiger  dass wir zu unserem Schaden Russland sanktionieren und einen tödlichen Krieg in der Ukraine finanzieren  als dafür zu sorgen  dass unsere hart arbeitenden Bürger und unsere Familien ihre Stromrechnung und ihre Lebensmittel bezahlen können  Nur für die Statistik  Das Wort Gender wird 98   Mal genannt  die Ukraine 92   Mal  das Klima 74   Mal  Das Wort Familie  das Rückgrat der Union  kommt kein einziges Mal vor  Um die Sache noch schlimmer zu machen  fördert der Entwurf Militarismus und Russophobie,141
133,eu9_26054,Sylvia Limmer,2022-10-18,"Herr Präsident! Lassen Sie mich heute verschiedene Begriffe zueinander in Relation setzen. Auf die selbst ausgerufene Klimakrise – Begriff Nummer eins – wird per politischen Beschlüssen mit einem Ausstieg aus einem funktionierenden, günstigen Energiesystem reagiert, ohne sich um eine vernünftige Folgenabschätzung für die europäische Wirtschaft zu kümmern. Eine Wirtschaft, die im Übrigen Umweltschutz – Begriff Nummer zwei – nicht nur finanziert, sondern durch technische Innovationen erst möglich macht. Umweltschutz, der für den Erhalt unserer Welt – unseres Planeten, für den Sie doch alle so vehement eintreten – und für nachfolgende Generationen essenziell ist, hat nichts zu tun mit Klimaschutz – Begriff Nummer drei. Das Abholzen von Wäldern für den Bau von Windrädern oder der Offshore-Bau in Brutgebieten von Wasservögeln ist nämlich das genaue Gegenteil von Umweltschutz. Das Funktionieren unserer Wirtschaft ist abhängig von der Bereitstellung von Energie – jederzeit.",Herr Präsident  Lassen Sie mich heute verschiedene Begriffe zueinander in Relation setzen  Auf die selbst ausgerufene Klimakrise – Begriff Nummer eins – wird per politischen Beschlüssen mit einem Ausstieg aus einem funktionierenden  günstigen Energiesystem reagiert  ohne sich um eine vernünftige Folgenabschätzung für die europäische Wirtschaft zu kümmern  Eine Wirtschaft  die im Übrigen Umweltschutz – Begriff Nummer zwei – nicht nur finanziert  sondern durch technische Innovationen erst möglich macht  Umweltschutz  der für den Erhalt unserer Welt   – unseres Planeten  für den Sie doch alle so vehement eintreten   – und für nachfolgende Generationen essenziell ist  hat nichts zu tun mit Klimaschutz – Begriff Nummer drei  Das Abholzen von Wäldern für den Bau von Windrädern oder der OffshoreBau in Brutgebieten von Wasservögeln ist nämlich das genaue Gegenteil von Umweltschutz  Das Funktionieren unserer Wirtschaft ist abhängig von der Bereitstellung von Energie – jederzeit,139
134,eu9_26054,Sylvia Limmer,2022-10-18,"Volatile erneuerbare Energien tun dies nicht und haben zudem als sogenannte Übergangsenergien eine fatale geostrategische Gasabhängigkeit beschert. Sie sind Ursache unserer Energiekrise – Begriff Nummer vier. Die aus der Energiekrise resultierende Energieknappheit, die gigantischen Kosten für den Um- und für den Aufbau eines nicht grundlastfähigen Energiesystems und eine aus dem Ruder laufende CO2-Bepreisung sind es, die zu Energiearmut führen – Begriff Nummer fünf. Gassanktionen, die Russlands Kriegskasse über steigende Gaspreise füllen, während sie uns selbst massiv schaden, tun ein Übriges. Sie sind aber nicht der ursächliche Grund für die wissentlich politisch-ideologisch herbeigeführte Energiekrise, die unsere Wirtschaft lähmt und unsere Bürger verarmen lässt. Green Deal, Klimagesetz, Fit-für-55-Paket, Lastenfahrrad, grüner Wasserstoff sind alle Ausdruck einer völlig irren grünen Wohlstandsvernichtung.",Volatile erneuerbare Energien tun dies nicht und haben zudem als sogenannte Übergangsenergien eine fatale geostrategische Gasabhängigkeit beschert  Sie sind Ursache unserer Energiekrise – Begriff Nummer vier  Die aus der Energiekrise resultierende Energieknappheit  die gigantischen Kosten für den Um und für den Aufbau eines nicht grundlastfähigen Energiesystems und eine aus dem Ruder laufende CO2Bepreisung sind es  die zu Energiearmut führen – Begriff Nummer fünf  Gassanktionen  die Russlands Kriegskasse über steigende Gaspreise füllen  während sie uns selbst massiv schaden  tun ein Übriges  Sie sind aber nicht der ursächliche Grund für die wissentlich politischideologisch herbeigeführte Energiekrise  die unsere Wirtschaft lähmt und unsere Bürger verarmen lässt  Green Deal  Klimagesetz  Fitfür55Paket  Lastenfahrrad  grüner Wasserstoff sind alle Ausdruck einer völlig irren grünen Wohlstandsvernichtung,117
135,eu9_26054,Sylvia Limmer,2022-10-18,"Nicht die Klimakrise richtet Chaos in der Welt an, Frau Johansson in Vertretung von Herrn Timmermans, sondern Klimademagogen, die mit schrillen Untergangsszenarien durch die Welt jetten und Politik gegen die eigenen Bürger betreiben. Und das ist menschengemacht.",Nicht die Klimakrise richtet Chaos in der Welt an  Frau Johansson in Vertretung von Herrn Timmermans  sondern Klimademagogen  die mit schrillen Untergangsszenarien durch die Welt jetten und Politik gegen die eigenen Bürger betreiben  Und das ist menschengemacht,37
136,eu9_26221,Guido Reil,2022-10-17,"Es war nicht das Virus, das die Menschen in die Armut getrieben hat, sondern die Entscheidungen der Politik, die völlig überzogenen Corona-Maßnahmen. Und Sie haben den Ukraine-Krieg als Ursache benannt. Aber ist es der Krieg? Nein, es sind die Sanktionen, die die Menschen gerade in die Armut treiben – die Menschen in Europa in die Armut treiben. Und es hilft den Ukrainern nichts, wenn die Menschen in Europa arm sind. Es schadet den Russen nichts – sie verdienen sich nämlich gerade dumm und dämlich. Wer die Armut bekämpfen will, der muss an die Wurzeln gehen. Und die Wurzeln sind die Nullzinspolitik der EZB, die ungebremste Masseneinwanderung und der Green Deal – die Klima-Gesetzgebung. Das sind die Punkte, die Europa in die Armut treiben.",Es war nicht das Virus  das die Menschen in die Armut getrieben hat  sondern die Entscheidungen der Politik  die völlig überzogenen CoronaMaßnahmen  Und Sie haben den UkraineKrieg als Ursache benannt  Aber ist es der Krieg  Nein  es sind die Sanktionen  die die Menschen gerade in die Armut treiben – die Menschen in Europa in die Armut treiben  Und es hilft den Ukrainern nichts  wenn die Menschen in Europa arm sind  Es schadet den Russen nichts – sie verdienen sich nämlich gerade dumm und dämlich  Wer die Armut bekämpfen will  der muss an die Wurzeln gehen  Und die Wurzeln sind die Nullzinspolitik der EZB  die ungebremste Masseneinwanderung und der Green Deal   – die KlimaGesetzgebung  Das sind die Punkte  die Europa in die Armut treiben,123
137,eu9_26329,Sylvia Limmer,2022-10-17,"Herr Präsident, verehrte Kollegen! Im Zuge von Green Deal, Klimagesetz und Fit-für-55-Paket möchte Brüssel nun also auch darüber bestimmen, welche Kraftstoffe für den freien Personenverkehr in Zukunft erlaubt sein sollen. Das jüngste ökosozialistische Klima-Ei, das kurz vor dem finalen Legen in Brüssel steht, ist das EU—weite Verbot von Verbrennungsmotoren. Ende Oktober soll es eingetütet werden. Und weil es nach wie vor an einer geeigneten Infrastruktur fehlt, schiebt man nun eine Verordnung hinterher, die das regeln soll. Aber selbst Deutschland, der derzeit leider unrühmliche Weltmeister grüner Idiotie, scheitert. Man floppt jämmerlich beim jährlichen nötigen Zubau von Ladestationen. Dabei entfallen auf die Niederlande und Deutschland knapp 60 Prozent aller Ladepunkte in der EU. Die geforderten eine Million Ladestationen EU—weit bis 2025 sind daher schon jetzt ein Witz.",Herr Präsident  verehrte Kollegen  Im Zuge von Green Deal  Klimagesetz und Fitfür55Paket möchte Brüssel nun also auch darüber bestimmen  welche Kraftstoffe für den freien Personenverkehr in Zukunft erlaubt sein sollen  Das jüngste ökosozialistische KlimaEi  das kurz vor dem finalen Legen in Brüssel steht  ist das EU—weite Verbot von Verbrennungsmotoren  Ende Oktober soll es eingetütet werden  Und weil es nach wie vor an einer geeigneten Infrastruktur fehlt  schiebt man nun eine Verordnung hinterher  die das regeln soll  Aber selbst Deutschland  der derzeit leider unrühmliche Weltmeister grüner Idiotie  scheitert  Man floppt jämmerlich beim jährlichen nötigen Zubau von Ladestationen  Dabei entfallen auf die Niederlande und Deutschland knapp 60   Prozent aller Ladepunkte in der EU  Die geforderten eine   Million Ladestationen EU—weit bis 2025 sind daher schon jetzt ein Witz,125
138,eu9_26329,Sylvia Limmer,2022-10-17,"Im Übrigen führt jeder zusätzliche Strombedarf zu einem Mehrbedarf an fossilen Energieträgern bei der Stromproduktion. Nicht nur deshalb ist die emissionslose Fortbewegung ein grünes Lügenmärchen. Aber der Bürger soll sowieso kein eigenes Auto mehr besitzen, er soll Fahrrad fahren oder öffentliche Verkehrsmittel benutzen. Daher: Die Abschaffung der sozialen Marktwirtschaft durch politische Verbote und staatliche Subventionierungen lehne ich kategorisch ab. Denn nichts anderes ist die Einmischung Brüsseler Technokraten in die persönlichen Eigentumsrechte der Bürger und die Innovationskraft unserer Wirtschaft.",Im Übrigen führt jeder zusätzliche Strombedarf zu einem Mehrbedarf an fossilen Energieträgern bei der Stromproduktion  Nicht nur deshalb ist die emissionslose Fortbewegung ein grünes Lügenmärchen  Aber der Bürger soll sowieso kein eigenes Auto mehr besitzen  er soll Fahrrad fahren oder öffentliche Verkehrsmittel benutzen  Daher  Die Abschaffung der sozialen Marktwirtschaft durch politische Verbote und staatliche Subventionierungen lehne ich kategorisch ab  Denn nichts anderes ist die Einmischung Brüsseler Technokraten in die persönlichen Eigentumsrechte der Bürger und die Innovationskraft unserer Wirtschaft,78
139,eu9_26539,Nicolaus Fest,2022-10-05,"Die EU-Kommission sollte hier sehr, sehr genau hinschauen, und wir haben auch bereits einen entsprechenden Antrag auf Aufklärung gestellt, und es wird interessant sein zu sehen, wer von Ihnen diesen Antrag unterstützt. Dieser Angriff, das muss allen klar sein, hat nicht nur das Potenzial, die NATO zu zerreißen, sondern auch die EU.",Die EUKommission sollte hier sehr  sehr genau hinschauen  und wir haben auch bereits einen entsprechenden Antrag auf Aufklärung gestellt  und es wird interessant sein zu sehen  wer von Ihnen diesen Antrag unterstützt  Dieser Angriff  das muss allen klar sein  hat nicht nur das Potenzial  die NATO zu zerreißen  sondern auch die EU,52
140,eu9_26769,Maximilian Krah,2022-10-05,"Wenn wir anfangen müssen, Sanktionen durchzusetzen, stellt sich doch die Frage, ob die Vorgaben von nachhaltiger Entwicklung, die wir stellen, wirklich für alle so überzeugend sind oder ob hier nicht eine neue Form des Eurozentrismus Raum greift, dass wir unseren in der Regel ärmeren und schwächeren Handelspartnern politische Vorgaben aus Europa machen, ohne dass die diese inhaltlich mittragen, und dass sie dann durch Sanktionen dazu gezwungen werden müssen. Insofern meinen wir: Jawohl, wir wollen Handel, wir wollen nachhaltige Entwicklung, aber wir müssen aufpassen, dass wir nicht übers Ziel hinausschießen und dass wir den Handel missbrauchen zu einer neuen Form eines Neokolonialismus, der letztlich uns und unseren Handelspartnern schadet.",Wenn wir anfangen müssen  Sanktionen durchzusetzen  stellt sich doch die Frage  ob die Vorgaben von nachhaltiger Entwicklung  die wir stellen  wirklich für alle so überzeugend sind oder ob hier nicht eine neue Form des Eurozentrismus Raum greift  dass wir unseren in der Regel ärmeren und schwächeren Handelspartnern politische Vorgaben aus Europa machen  ohne dass die diese inhaltlich mittragen  und dass sie dann durch Sanktionen dazu gezwungen werden müssen  Insofern meinen wir  Jawohl  wir wollen Handel  wir wollen nachhaltige Entwicklung  aber wir müssen aufpassen  dass wir nicht übers Ziel hinausschießen und dass wir den Handel missbrauchen zu einer neuen Form eines Neokolonialismus  der letztlich uns und unseren Handelspartnern schadet,108
141,eu9_27553,Markus Buchheit,2022-09-15,"Deswegen stellt sich natürlich die Frage: Hat der Green Deal überhaupt noch eine Zukunft? Ich meine, meine Damen und Herren, noch bevor wir an der Realität scheitern werden, was unweigerlich bevorsteht, sollten wir den Green Deal jetzt beenden. Wir sollten das Merit-Order-Prinzip jetzt beenden. Wir sollten uns in der Stromproduktion breiter aufstellen, Technologieneutralität wahren, auch in Richtung nukleare Energie.",Deswegen stellt sich natürlich die Frage  Hat der Green Deal überhaupt noch eine Zukunft  Ich meine  meine Damen und Herren  noch bevor wir an der Realität scheitern werden  was unweigerlich bevorsteht  sollten wir den Green Deal jetzt beenden  Wir sollten das MeritOrderPrinzip jetzt beenden  Wir sollten uns in der Stromproduktion breiter aufstellen  Technologieneutralität wahren  auch in Richtung nukleare Energie,59
142,eu9_27626,Gunnar Beck,2022-09-15,"Denn wenn sich zwei Mitgliedstaaten nicht auf die ordnungsgemäße Nutzung einiger Hundert Kilometer Fluss einigen können und sich dabei fast überwerfen, sieht es nicht gut aus – nicht gut, dass sich 27 Mitgliedstaaten auf die Bewirtschaftung und Zukunft von 4,5 Millionen Quadratkilometern EU einigen.",Denn wenn sich zwei Mitgliedstaaten nicht auf die ordnungsgemäße Nutzung einiger Hundert Kilometer Fluss einigen können und sich dabei fast überwerfen  sieht es nicht gut aus – nicht gut  dass sich 27   Mitgliedstaaten auf die Bewirtschaftung und Zukunft von 45   Millionen Quadratkilometern EU einigen,44
143,eu9_27674,Gunnar Beck,2022-09-14,"Das Geld dafür druckt die EZB, und Geldmengenzuwachs und Euro-Verfall bedeuten noch mehr Inflation. Fragt mich jemand: „Was können wir jetzt noch tun?“, sage ich stets: ganz einfach – genau das Gegenteil dessen, was deutsche Bundesregierung und EU-Kommission seit Jahren machen. Das wäre der allzeit billigste Aufbauplan und die einzige Zukunft für NextGenerationEU.",Das Geld dafür druckt die EZB  und Geldmengenzuwachs und EuroVerfall bedeuten noch mehr Inflation  Fragt mich jemand  „ Was können wir jetzt noch tun  “  sage ich stets  ganz einfach – genau das Gegenteil dessen  was deutsche Bundesregierung und EUKommission seit Jahren machen  Das wäre der allzeit billigste Aufbauplan und die einzige Zukunft für NextGenerationEU,55
144,eu9_27844,Nicolaus Fest,2022-09-14,"Deutschland ist rechtsstaatlich in einem miserablen Zustand. Aber so ist es auch dieses Parlament. Eine Ansammlung von antidemokratischen Heuchlern soll über Rechtsstaatlichkeit entscheiden. Das ist ein Witz, und ein Witz ist auch dieser Bericht.",Deutschland ist rechtsstaatlich in einem miserablen Zustand  Aber so ist es auch dieses Parlament  Eine Ansammlung von antidemokratischen Heuchlern soll über Rechtsstaatlichkeit entscheiden  Das ist ein Witz  und ein Witz ist auch dieser Bericht,34
145,eu9_27897,Gunnar Beck,2022-09-14,"Bulgarien mag korrupt sein, aber seine neue Regierung ist strikt auf EU-Kurs und fügt sich der irrsinnigen Klima- und Pro-Migrationsagenda, im Gegensatz zu Ungarn und Polen, die die Interessen der eigenen Bevölkerung vertreten und lieber die Wirtschaft schützen, als wie Sisyphos Klimagipfel zu erklimmen. Fazit: In der EU gilt als Feind der Rechtsstaatlichkeit nur der, der sich der Linksstaatlichkeit widersetzt. Wer politisch willfährig ist, wird auch straffrei bleiben. Ob nun versehentlich oder absichtlich habe ich wohl eine Minute mehr als vorgesehen. Aber eigentlich ist alles gesagt. Vielleicht sei noch zu vermerken, dass sich hier vieles – eigentlich alles – ändern muss, und dann geht es auch wieder bergauf.",Bulgarien mag korrupt sein  aber seine neue Regierung ist strikt auf EUKurs und fügt sich der irrsinnigen Klima und ProMigrationsagenda  im Gegensatz zu Ungarn und Polen  die die Interessen der eigenen Bevölkerung vertreten und lieber die Wirtschaft schützen  als wie Sisyphos Klimagipfel zu erklimmen  Fazit  In der EU gilt als Feind der Rechtsstaatlichkeit nur der  der sich der Linksstaatlichkeit widersetzt  Wer politisch willfährig ist  wird auch straffrei bleiben  Ob nun versehentlich oder absichtlich habe ich wohl eine Minute mehr als vorgesehen  Aber eigentlich ist alles gesagt  Vielleicht sei noch zu vermerken  dass sich hier vieles – eigentlich alles – ändern muss  und dann geht es auch wieder bergauf,108
146,eu9_28154,Guido Reil,2022-09-13,"Da hilft es auch nicht, wenn Sie Ihre eigene Verantwortung an der Lage konsequent ignorieren. Ich sage es in biblischen Worten, weil die Zustände mittlerweile so sind, dass es mir passend erscheint: Kehren Sie um! Besinnen Sie sich wieder auf eine kluge, rationale Politik, die den Menschen in den Mittelpunkt stellt und nicht sein Geschlecht oder seine Ethnie.",Da hilft es auch nicht  wenn Sie Ihre eigene Verantwortung an der Lage konsequent ignorieren  Ich sage es in biblischen Worten  weil die Zustände mittlerweile so sind  dass es mir passend erscheint  Kehren Sie um  Besinnen Sie sich wieder auf eine kluge  rationale Politik  die den Menschen in den Mittelpunkt stellt und nicht sein Geschlecht oder seine Ethnie,58
147,eu9_28174,Markus Buchheit,2022-09-13,"Herr Präsident, meine sehr verehrten Damen und Herren, liebe Kollegen! Es ist teilweise schon schockierend zu sehen, wie hier heute an der Lebenswirklichkeit vorbeigeredet wird, auch im vorliegenden Bericht. Wir hatten in den vergangenen zehn Jahren 30 % Preissteigerung bei Elektrizität, 50 % mehr als im vergangenen Jahr. Wir haben Abschlagszahlungen mittlerweile, die 200 bis 600 % höher sind als im letzten Jahr im Energiebereich. Das Problem der Teuerung, das war gerade hervorgebracht durch die fehlgeleitete Energiewende, das war gerade hervorgebracht durch zu viel grüne Energie, die eben unsere Netze belastet, die eben Flatterstrom bedeutet im Endeffekt. Dieses Problem beheben wir jetzt gerade nicht dadurch, dass wir uns für noch mehr grüne Energie einsetzen. Deswegen meine Bitte und Aufforderung an Sie: Es sind nicht die Lobbys der Solarenergiefirmen, es sind nicht die Lobbys der Windenergiefirmen, die Sie hier gewählt haben.",Herr Präsident  meine sehr verehrten Damen und Herren  liebe Kollegen  Es ist teilweise schon schockierend zu sehen  wie hier heute an der Lebenswirklichkeit vorbeigeredet wird  auch im vorliegenden Bericht  Wir hatten in den vergangenen zehn Jahren 30    Preissteigerung bei Elektrizität  50    mehr als im vergangenen Jahr  Wir haben Abschlagszahlungen mittlerweile  die 200 bis 600    höher sind als im letzten Jahr im Energiebereich  Das Problem der Teuerung  das war gerade hervorgebracht durch die fehlgeleitete Energiewende  das war gerade hervorgebracht durch zu viel grüne Energie  die eben unsere Netze belastet  die eben Flatterstrom bedeutet im Endeffekt  Dieses Problem beheben wir jetzt gerade nicht dadurch  dass wir uns für noch mehr grüne Energie einsetzen  Deswegen meine Bitte und Aufforderung an Sie  Es sind nicht die Lobbys der Solarenergiefirmen  es sind nicht die Lobbys der Windenergiefirmen  die Sie hier gewählt haben,137
148,eu9_28174,Markus Buchheit,2022-09-13,"Es sind Leute zu Hause, Wähler, die ihre Wohnung heizen müssen, die ihren Kindern was am Herd zu essen kochen müssen und die sich schlicht und ergreifend darüber informieren wollen und schaffen wollen, ihre Rechnungen zu bezahlen. Das sind die Leute, die Sie hergebracht haben, setzen Sie sich für die ein.",Es sind Leute zu Hause  Wähler  die ihre Wohnung heizen müssen  die ihren Kindern was am Herd zu essen kochen müssen und die sich schlicht und ergreifend darüber informieren wollen und schaffen wollen  ihre Rechnungen zu bezahlen  Das sind die Leute  die Sie hergebracht haben  setzen Sie sich für die ein,51
149,eu9_28287,Guido Reil,2022-09-13,"Frau Präsidentin, liebe Kolleginnen und Kollegen! Deutschland erlebt die größte Energiekrise seiner Geschichte. Das bedeutet: eine historische Inflation, ein historischer Kaufkraftverlust. Es rollt eine Pleitewelle auf uns zu, die Millionen Arbeitsplätze kosten wird. Millionen Menschen müssen wahrscheinlich frieren. Und an Blackouts müssen wir uns gewöhnen. Wer ist schuld? Es ist nicht Russland. Die höchsten Energiepreise hatte Deutschland schon vor dem Ukraine-Krieg. Schuld ist die völlig verrückte Energiepolitik Deutschlands. Wer gleichzeitig aus der Kohle und aus der Atomenergie aussteigt und als einzige grundlastfähige Energie auf russisches billiges Gas setzt, der sollte besser keine Sanktionen gegen Russland verhängen. Sanktionen, die der Ukraine nicht helfen. Sanktionen, die Russland massiv nutzen – das verdient sich gerade dumm und dämlich. Und Sanktionen, die unser Land, Deutschland, kaputtmachen.",Frau Präsidentin  liebe Kolleginnen und Kollegen  Deutschland erlebt die größte Energiekrise seiner Geschichte  Das bedeutet  eine historische Inflation  ein historischer Kaufkraftverlust  Es rollt eine Pleitewelle auf uns zu  die Millionen Arbeitsplätze kosten wird  Millionen Menschen müssen wahrscheinlich frieren  Und an Blackouts müssen wir uns gewöhnen  Wer ist schuld  Es ist nicht Russland  Die höchsten Energiepreise hatte Deutschland schon vor dem UkraineKrieg  Schuld ist die völlig verrückte Energiepolitik Deutschlands  Wer gleichzeitig aus der Kohle und aus der Atomenergie aussteigt und als einzige grundlastfähige Energie auf russisches billiges Gas setzt  der sollte besser keine Sanktionen gegen Russland verhängen  Sanktionen  die der Ukraine nicht helfen  Sanktionen  die Russland massiv nutzen – das verdient sich gerade dumm und dämlich  Und Sanktionen  die unser Land  Deutschland  kaputtmachen,122
150,eu9_28287,Guido Reil,2022-09-13,"Was wir brauchen, ist eine Renaissance der Kohle, eine Renaissance der Atomkraft. Und wir brauchen den Ausstieg aus dem Grünen Deal für sichere Energie und für sozialen Frieden und für Wohlstand für uns alle.",Was wir brauchen  ist eine Renaissance der Kohle  eine Renaissance der Atomkraft  Und wir brauchen den Ausstieg aus dem Grünen Deal für sichere Energie und für sozialen Frieden und für Wohlstand für uns alle,34
151,eu9_28290,Jörg Meuthen,2022-09-13,"Es ist ein Zeichen katastrophaler Inkompetenz, dass die deutsche Bundesregierung weiterhin stur am Atomausstieg des größten EU-Landes festhalten will und damit unser aller Wohlstand existenziell in Gefahr bringt.",Es ist ein Zeichen katastrophaler Inkompetenz  dass die deutsche Bundesregierung weiterhin stur am Atomausstieg des größten EULandes festhalten will und damit unser aller Wohlstand existenziell in Gefahr bringt,28
152,eu9_28764,Joachim Kuhs,2022-07-07,"Und zweitens: Wollen wir wirklich das Fahrradfahren – von der Herstellung der Räder bis zu ihrer Entsorgung – EU-weit regulieren? Ich kann nur davor warnen. Damit würden wir ein weiteres Bürokratiemonster schaffen, das das Natürliche, das Schöne, das Normale, das Fröhliche am Fahrradfahren wegnimmt und keinen zusätzlichen Nutzen schafft. Belassen wir es doch einfach beim Status quo. Wenn die Menschen wegen der Regeln nicht mehr gerne Rad fahren, dann bewirken Sie mit ihrer Regulierung genau das Gegenteil. Dann wird übrigens kein Gramm CO2 eingespart. Und dann freuen sich doch nur die Radfahr-Lobbygruppen und die Hersteller der Räder, weil sie sie aufgrund der vielen Vorgaben immer teurer verkaufen können. Eine solche Strategie möchte ich meinen Enkelkindern nicht zumuten.",Und zweitens  Wollen wir wirklich das Fahrradfahren – von der Herstellung der Räder bis zu ihrer Entsorgung – EUweit regulieren  Ich kann nur davor warnen  Damit würden wir ein weiteres Bürokratiemonster schaffen  das das Natürliche  das Schöne  das Normale  das Fröhliche am Fahrradfahren wegnimmt und keinen zusätzlichen Nutzen schafft  Belassen wir es doch einfach beim Status quo  Wenn die Menschen wegen der Regeln nicht mehr gerne Rad fahren  dann bewirken Sie mit ihrer Regulierung genau das Gegenteil  Dann wird übrigens kein Gramm CO2 eingespart  Und dann freuen sich doch nur die RadfahrLobbygruppen und die Hersteller der Räder  weil sie sie aufgrund der vielen Vorgaben immer teurer verkaufen können  Eine solche Strategie möchte ich meinen Enkelkindern nicht zumuten,117
153,eu9_29189,Guido Reil,2022-07-05,"Es gibt aber Bereiche des menschlichen Lebens, die nicht kommerziell geregelt sein sollten, weil für sie andere Regeln gelten: moralisch-ethische Regeln, die keine materielle Entsprechung haben. Das sind die Probleme der Pflege, die nicht dadurch gelöst werden, dass Sie, nachdem sie alle heimischen Pflegekräfte verheizt und krankgemacht haben, noch mehr ausländische Pflegekräfte importieren, um diese genauso zu verheizen.",Es gibt aber Bereiche des menschlichen Lebens  die nicht kommerziell geregelt sein sollten  weil für sie andere Regeln gelten  moralischethische Regeln  die keine materielle Entsprechung haben  Das sind die Probleme der Pflege  die nicht dadurch gelöst werden  dass Sie  nachdem sie alle heimischen Pflegekräfte verheizt und krankgemacht haben  noch mehr ausländische Pflegekräfte importieren  um diese genauso zu verheizen,58
154,eu9_29445,Gunnar Beck,2022-07-05,"Der EU Green Deal und das Programm Fit for 55 sehen vor, dass die EU bis 2050 klimaneutral werden muss. Das wird natürlich seine Folgen für Investitionen haben. Europäische Finanzinstitute und Unternehmen werden massiv in nachhaltige Technologien investieren müssen. Aber wer entscheidet, was nachhaltig ist und was nicht? Hier kommt die EU-Taxonomie ins Spiel: Sie klassifiziert alle möglichen Wirtschaftstätigkeiten in der EU nach ihrer ökologischen Nachhaltigkeit. Die Kommission schlug vor, Gas und Kernenergie als Übergangsenergiequellen zur Erreichung der CO2-Neutralität in die Taxonomie aufzunehmen. Das Europäische Parlament lehnt diese Einbeziehung entschieden ab und stimmt nun gegen die Einbeziehung von Gas und Kernenergie. Das bedeutet, dass man nicht mehr in diese Energiequellen investieren kann. Die AfD ist der festen Überzeugung, dass Gas und Atomkraft Teil der Lösung für eine grünere Wirtschaft sind, nicht Teil des Problems.",Der EU Green Deal und das Programm Fit for 55 sehen vor  dass die EU bis 2050 klimaneutral werden muss  Das wird natürlich seine Folgen für Investitionen haben  Europäische Finanzinstitute und Unternehmen werden massiv in nachhaltige Technologien investieren müssen  Aber wer entscheidet  was nachhaltig ist und was nicht  Hier kommt die EUTaxonomie ins Spiel  Sie klassifiziert alle möglichen Wirtschaftstätigkeiten in der EU nach ihrer ökologischen Nachhaltigkeit  Die Kommission schlug vor  Gas und Kernenergie als Übergangsenergiequellen zur Erreichung der CO2Neutralität in die Taxonomie aufzunehmen  Das Europäische Parlament lehnt diese Einbeziehung entschieden ab und stimmt nun gegen die Einbeziehung von Gas und Kernenergie  Das bedeutet  dass man nicht mehr in diese Energiequellen investieren kann  Die AfD ist der festen Überzeugung  dass Gas und Atomkraft Teil der Lösung für eine grünere Wirtschaft sind  nicht Teil des Problems,134
155,eu9_29445,Gunnar Beck,2022-07-05,"Wir brauchen mehr Investitionen in die neueste Generation von Kernkraftwerken und mehr Forschung für die Einrichtung von Thoriumkraftwerken. Indem wir Investitionen in Gas und Kernkraft verbieten, versetzen wir Europa zurück in die Steinzeit.",Wir brauchen mehr Investitionen in die neueste Generation von Kernkraftwerken und mehr Forschung für die Einrichtung von Thoriumkraftwerken  Indem wir Investitionen in Gas und Kernkraft verbieten  versetzen wir Europa zurück in die Steinzeit,33
156,eu9_29701,Markus Buchheit,2022-07-04,"Meine Damen und Herren, wer ein wahrer Demokrat ist, der stimmt diesem Text in dieser Form so nicht zu.",Meine Damen und Herren  wer ein wahrer Demokrat ist  der stimmt diesem Text in dieser Form so nicht zu,19
157,eu9_29742,Christine Anderson,2022-07-04,"Dieser Bericht bekämpft nicht Armut, er bekämpft Freiheit, Demokratie und Rechtsstaatlichkeit – so wie alles, was aus diesem Hause kommt.",Dieser Bericht bekämpft nicht Armut  er bekämpft Freiheit  Demokratie und Rechtsstaatlichkeit – so wie alles  was aus diesem Hause kommt,20
158,eu9_29952,Gunnar Beck,2022-06-22,"Der allen Katholiken wohlbekannte und damit auch Ihren Landsleuten geläufige Thomas Morus rügte einst seinen meineidigen Widersacher Cromwell mit den Worten: „Der Einzelne mag versucht sein, sein Heil für die ganze Welt zu geben, aber für Wales?“ Sie nun geben Ihr Land auf für den Euro. Eigentlich sollten das nur Länder, die sich selbst längst schon abgeschrieben haben. Das will ich nicht hoffen für Ihr Land.",Der allen Katholiken wohlbekannte und damit auch Ihren Landsleuten geläufige Thomas Morus rügte einst seinen meineidigen Widersacher Cromwell mit den Worten  „ Der Einzelne mag versucht sein  sein Heil für die ganze Welt zu geben  aber für Wales  “ Sie nun geben Ihr Land auf für den Euro  Eigentlich sollten das nur Länder  die sich selbst längst schon abgeschrieben haben  Das will ich nicht hoffen für Ihr Land,68
159,eu9_30148,Markus Buchheit,2022-06-22,"Und es droht gar noch mehr: Es droht ein Bumerang für uns zu werden, und es droht natürlich auch ein Draufzahlgeschäft für die Europäische Union selbst zu werden, wenn wir uns anschauen, dass Massenmigration hier eben Tür und Tor geöffnet werden wird und dass auch der Text in keinem Wort davon spricht, straffällig gewordene Migranten wieder zurückzuführen. In diesem Sinne – es bleibt wie so häufig: Das Gegenteil von gut gemacht ist gut gemeint.",Und es droht gar noch mehr  Es droht ein Bumerang für uns zu werden  und es droht natürlich auch ein Draufzahlgeschäft für die Europäische Union selbst zu werden  wenn wir uns anschauen  dass Massenmigration hier eben Tür und Tor geöffnet werden wird und dass auch der Text in keinem Wort davon spricht  straffällig gewordene Migranten wieder zurückzuführen  In diesem Sinne – es bleibt wie so häufig  Das Gegenteil von gut gemacht ist gut gemeint,74
160,eu9_30179,Christine Anderson,2022-06-22,"Nun ist Merkel zwar – endlich – weg, aber ihr unheilvolles Vermächtnis – antidemokratische Strukturen – hat Deutschland nach wie vor fest im Griff. Hier sind also dringend entsprechende Verfahren gegen Deutschland einzuleiten, damit der unselige Merkelismus Deutschland nicht zu einer DDR 2.0 und die EU nicht zu einer EUdSSR macht.",Nun ist Merkel zwar – endlich – weg  aber ihr unheilvolles Vermächtnis – antidemokratische Strukturen – hat Deutschland nach wie vor fest im Griff  Hier sind also dringend entsprechende Verfahren gegen Deutschland einzuleiten  damit der unselige Merkelismus Deutschland nicht zu einer DDR   20 und die EU nicht zu einer EUdSSR macht,51
161,eu9_30288,Guido Reil,2022-06-09,"Nur, die USA führt gerade einen Handelskrieg mit China. Und gerade der USA ist es völlig egal – die arbeiten wirklich mit jedem Schurkenstaat dieser Welt zusammen, wenn es zu ihrem Vorteil geht. Auch das sollten wir nicht vergessen.",Nur  die USA führt gerade einen Handelskrieg mit China  Und gerade der USA ist es völlig egal   – die arbeiten wirklich mit jedem Schurkenstaat dieser Welt zusammen  wenn es zu ihrem Vorteil geht  Auch das sollten wir nicht vergessen,39
162,eu9_30317,Joachim Kuhs,2022-06-09,"Sie ist nicht nur ein Bürokratiemonster, sie ist vor allem ein gravierender Eingriff in nationalstaatliche Kompetenzen, und sie widerspricht dem Subsidiaritätsprinzip. Oder glauben Sie wirklich, dass die Wälder Finnlands genauso zu bewirtschaften sind wie die wenigen Bäume auf Malta oder in Zypern? Und so geht es weiter: Mit den Totschlagbegriffen Klima oder Biodiversität sollen noch mehr Waldflächen unter Schutz gestellt werden und so der seit Generationen erfolgreichen nachhaltigen Bewirtschaftung entzogen werden. Der Holzeinschlag müsse reduziert werden, wird gesagt, um Klimaschutzziele und den Green Deal zu erfüllen. Dabei wird komplett ausgeblendet, dass die Ersetzung der fossilen Energieträger mit Onshore-Windkraft zu erheblichem Waldverbrauch führt. So besteht zum Beispiel in Deutschland die Gefahr, dass ein jahrhundertealter Wald wie der Reinhardswald der Installation von Windkraftanlagen geopfert wird. Das kann so nicht funktionieren. Aber was können wir tun?",Sie ist nicht nur ein Bürokratiemonster  sie ist vor allem ein gravierender Eingriff in nationalstaatliche Kompetenzen  und sie widerspricht dem Subsidiaritätsprinzip  Oder glauben Sie wirklich  dass die Wälder Finnlands genauso zu bewirtschaften sind wie die wenigen Bäume auf Malta oder in Zypern  Und so geht es weiter  Mit den Totschlagbegriffen Klima oder Biodiversität sollen noch mehr Waldflächen unter Schutz gestellt werden und so der seit Generationen erfolgreichen nachhaltigen Bewirtschaftung entzogen werden  Der Holzeinschlag müsse reduziert werden  wird gesagt  um Klimaschutzziele und den Green Deal zu erfüllen  Dabei wird komplett ausgeblendet  dass die Ersetzung der fossilen Energieträger mit OnshoreWindkraft zu erheblichem Waldverbrauch führt  So besteht zum Beispiel in Deutschland die Gefahr  dass ein jahrhundertealter Wald wie der Reinhardswald der Installation von Windkraftanlagen geopfert wird  Das kann so nicht funktionieren  Aber was können wir tun,133
163,eu9_30447,Bernhard Zimniok,2022-06-08,"Und ich kann gerne auch auf Terroranschläge, sogenannte verwirrte Einzeltäter, eine Neuauflage der Kölner Domplatte und – jetzt aktuell – die gewalttätigen Zusammenrottungen von Afrikanern am Gardasee verzichten. So etwas gibt es in Ungarn und Polen nicht. Warum wohl? Die EU sollte das Fortbestehen der europäischen Völker und ihrer Kulturen sichern. Mit solchen Vorschlägen sorgt sie aber genau für das Gegenteil. Werte Kollegen, lehnen Sie diesen Wahnsinn ab!",Und ich kann gerne auch auf Terroranschläge  sogenannte verwirrte Einzeltäter  eine Neuauflage der Kölner Domplatte und   – jetzt aktuell   – die gewalttätigen Zusammenrottungen von Afrikanern am Gardasee verzichten  So etwas gibt es in Ungarn und Polen nicht  Warum wohl  Die EU sollte das Fortbestehen der europäischen Völker und ihrer Kulturen sichern  Mit solchen Vorschlägen sorgt sie aber genau für das Gegenteil  Werte Kollegen  lehnen Sie diesen Wahnsinn ab,68
164,eu9_30526,Jörg Meuthen,2022-06-08,"Nach meiner Überzeugung ist das Strafrecht nicht geeignet, Antworten zu geben; Ideologie und Pauschalisierung allerdings ebenso wenig. Statt unsere Energien in ideologische Schlachten zu diesem Thema zu geben, sollten wir sie strikt auf Hilfe und auf Beratung im Einzelfall ausrichten.",Nach meiner Überzeugung ist das Strafrecht nicht geeignet  Antworten zu geben  Ideologie und Pauschalisierung allerdings ebenso wenig  Statt unsere Energien in ideologische Schlachten zu diesem Thema zu geben  sollten wir sie strikt auf Hilfe und auf Beratung im Einzelfall ausrichten,40
165,eu9_30656,Joachim Kuhs,2022-06-08,"Das ist ein Schlag ins Gesicht für alle beitrittswilligen Staaten des Westbalkans, die deutlich mehr Fortschritte gemacht haben als Georgien, das hier sehr zurückgefallen ist. Ja, helfen wir diesem Land – es hat es nötig. Aber drängen wir es nicht in ein Prokrustesbett. Es würde ihnen und auch uns mehr Schaden als Nutzen anrichten.",Das ist ein Schlag ins Gesicht für alle beitrittswilligen Staaten des Westbalkans  die deutlich mehr Fortschritte gemacht haben als Georgien  das hier sehr zurückgefallen ist  Ja  helfen wir diesem Land   – es hat es nötig  Aber drängen wir es nicht in ein Prokrustesbett  Es würde ihnen und auch uns mehr Schaden als Nutzen anrichten,54
166,eu9_30693,Joachim Kuhs,2022-06-08,"Werter Herr Kommissar, da muss ich mich noch einmal an Sie richten: Muss erst ein solches Massaker wie in Owo passieren, bis die Kommission erkennt, dass es sich in Nigeria sehr wohl auch um einen Religionskrieg handelt, und dass Sie etwas dagegen tun?",Werter Herr Kommissar  da muss ich mich noch einmal an Sie richten  Muss erst ein solches Massaker wie in Owo passieren  bis die Kommission erkennt  dass es sich in Nigeria sehr wohl auch um einen Religionskrieg handelt  und dass Sie etwas dagegen tun,43
167,eu9_30765,Sylvia Limmer,2022-06-07,"Nicht mündige Bürger, marktwirtschaftliche Prinzipien, technikoffene Innovationskraft sind das Problem, sondern die Idee eines „bolschewoken“ Ökomarxismus.",Nicht mündige Bürger  marktwirtschaftliche Prinzipien  technikoffene Innovationskraft sind das Problem  sondern die Idee eines „ bolschewoken “ Ökomarxismus,18
168,eu9_30804,Guido Reil,2022-06-07,"Frau Präsidentin, liebe Kolleginnen und Kollegen! Wir reden heute über den Europäischen Klima-Sozialfonds. Das heißt, wir reden über die Folgen des Green Deal für die Menschen. Und hier wird deutlich: Der Green Deal ist nicht nur weder grün noch kein Deal; nein, noch viel mehr: Er ist asozial, er treibt die Menschen in die Armut, und er führt zu sozialem Unfrieden. Warum sage ich das? Langsam werden die finanziellen Belastungen für die Menschen deutlich. Langsam haben wir genaue Zahlen. Alleine die Ausweitung des Emissionshandels auf die Bereiche Verkehr und Wohnen führt für die europäischen Haushalte zu einer Mehrbelastung von 1112 Mrd. EUR. Ich wiederhole: 1112 Mrd. EUR. Und um diese Belastung mit abzufedern, wird dieser Sozialfonds eingeführt. Der wird gespeist mit 144 Mrd EUR, die sollen dann die Probleme lösen.",Frau Präsidentin  liebe Kolleginnen und Kollegen  Wir reden heute über den Europäischen KlimaSozialfonds  Das heißt  wir reden über die Folgen des Green Deal für die Menschen  Und hier wird deutlich  Der Green Deal ist nicht nur weder grün noch kein Deal  nein  noch viel mehr  Er ist asozial  er treibt die Menschen in die Armut  und er führt zu sozialem Unfrieden  Warum sage ich das  Langsam werden die finanziellen Belastungen für die Menschen deutlich  Langsam haben wir genaue Zahlen  Alleine die Ausweitung des Emissionshandels auf die Bereiche Verkehr und Wohnen führt für die europäischen Haushalte zu einer Mehrbelastung von 1112   Mrd   EUR  Ich wiederhole  1112   Mrd   EUR  Und um diese Belastung mit abzufedern  wird dieser Sozialfonds eingeführt  Der wird gespeist mit 144   Mrd EUR  die sollen dann die Probleme lösen,130
169,eu9_30804,Guido Reil,2022-06-07,"Schlimm ist nur, dass dieses Geld auch wieder nicht die Ärmsten der Armen kriegen sollen – also nur ganz wenige Menschen, die sich wirklich die Heizkosten noch leisten können –, nein, auch hier sollen wieder die Käufer von E-Autos gefördert und unterstützt werden. Das alles kann nicht wahr sein. Angesichts der Krise wissen wir doch: Wir brauchen eine sichere und bezahlbare Energie, und die kommt aus Kohle und der Atomkraft. Wir brauchen eine Renaissance von Kohle und Atomkraft, und der Green Deal gehört auf den Müll.",Schlimm ist nur  dass dieses Geld auch wieder nicht die Ärmsten der Armen kriegen sollen   – also nur ganz wenige Menschen  die sich wirklich die Heizkosten noch leisten können –  nein  auch hier sollen wieder die Käufer von EAutos gefördert und unterstützt werden  Das alles kann nicht wahr sein  Angesichts der Krise wissen wir doch  Wir brauchen eine sichere und bezahlbare Energie  und die kommt aus Kohle und der Atomkraft  Wir brauchen eine Renaissance von Kohle und Atomkraft  und der Green Deal gehört auf den Müll,86
170,eu9_30916,Sylvia Limmer,2022-06-07,"Herr Präsident, werte Kollegen! Unverdrossen propagiert man das Märchen von den angeblich emissionsfreien Elektroautos. Und nicht nur nach dem Willen der Kommission soll ab spätestens 2035 der Verbrennungsmotor Geschichte sein. In der verqueren Logik grüner Wohlstandsvernichter ist somit jedes E-Auto – betankt mit Strom generiert aus fossilen Energieträgern – ein Nullemissionsfahrzeug. Man ignoriert nicht nur die Emissionen bei der Betankung, sondern auch den ganz erheblichen CO2‑Rucksack aller Traktionsbatterien, der anfällt bei der Produktion oder dem energieintensiven Recycling. Und woher soll er kommen, der Strom? Man ignoriert, dass jedes Mehr an Strombedarf, auch bei einem massiven Ausbau der volatilen Erneuerbaren, bei gleichzeitig fehlenden Speichern in einer Zunahme von fossilen Energieträgern resultieren muss. Man ignoriert schlicht zukünftige Ressourcenknappheiten. Allein für die EU-PKW-Flotte bräuchte man die 19-fache jährliche Weltproduktion nur bei Kobalt.",Herr Präsident  werte Kollegen  Unverdrossen propagiert man das Märchen von den angeblich emissionsfreien Elektroautos  Und nicht nur nach dem Willen der Kommission soll ab spätestens 2035 der Verbrennungsmotor Geschichte sein  In der verqueren Logik grüner Wohlstandsvernichter ist somit jedes EAuto   – betankt mit Strom generiert aus fossilen Energieträgern   – ein Nullemissionsfahrzeug  Man ignoriert nicht nur die Emissionen bei der Betankung  sondern auch den ganz erheblichen CO2‑Rucksack aller Traktionsbatterien  der anfällt bei der Produktion oder dem energieintensiven Recycling  Und woher soll er kommen  der Strom  Man ignoriert  dass jedes Mehr an Strombedarf  auch bei einem massiven Ausbau der volatilen Erneuerbaren  bei gleichzeitig fehlenden Speichern in einer Zunahme von fossilen Energieträgern resultieren muss  Man ignoriert schlicht zukünftige Ressourcenknappheiten  Allein für die EUPKWFlotte bräuchte man die 19fache jährliche Weltproduktion nur bei Kobalt,129
171,eu9_30916,Sylvia Limmer,2022-06-07,"Man ignoriert neue, sich ankündigende geostrategische Abhängigkeiten, etwa von China, bei den benötigten Komponenten für die Batterien, so als hätte man nichts aus der katastrophalen Abhängigkeit von russischem Gas gelernt. Man ignoriert gravierende Umweltschäden beim Bergbau und der Weiterverarbeitung, von den sozialen Verwerfungen und Kinderarbeit in den Drittstaaten vor Ort ganz zu schweigen. Man ignoriert eine damit verbundene unglaubliche Arbeitsplatzvernichtung. Allein in Deutschland sind 800 000 Arbeitsplätze vom Verbrennungsmotor abhängig. Nach Angaben der Bundesregierung werden sich bis 2030, also in nicht einmal acht Jahren, davon 440 000 in grünes Wohlgefallen auflösen. Man ignoriert sämtliche Kinderkrankheiten der Elektromobilität und Kundenwünsche – vom lückenhaften Brandschutz bis hin zu Reichweitenakzeptanz.",Man ignoriert neue  sich ankündigende geostrategische Abhängigkeiten  etwa von China  bei den benötigten Komponenten für die Batterien  so als hätte man nichts aus der katastrophalen Abhängigkeit von russischem Gas gelernt  Man ignoriert gravierende Umweltschäden beim Bergbau und der Weiterverarbeitung  von den sozialen Verwerfungen und Kinderarbeit in den Drittstaaten vor Ort ganz zu schweigen  Man ignoriert eine damit verbundene unglaubliche Arbeitsplatzvernichtung  Allein in Deutschland sind 800   000   Arbeitsplätze vom Verbrennungsmotor abhängig  Nach Angaben der Bundesregierung werden sich bis 2030  also in nicht einmal acht Jahren  davon 440   000   in grünes Wohlgefallen auflösen  Man ignoriert sämtliche Kinderkrankheiten der Elektromobilität und Kundenwünsche   – vom lückenhaften Brandschutz bis hin zu Reichweitenakzeptanz,107
172,eu9_30916,Sylvia Limmer,2022-06-07,"Man ignoriert die fehlende Ladeinfrastruktur, man ignoriert Warnungen aus Wirtschaft, Industrie, Technik und Lehre und beharrt stattdessen in einer einseitig politischen Festlegung auf Elektromobilität, die die CO2-Emissionen in naher Zukunft nicht reduzieren wird, weil dahinter längst der Gedanke der Abschaffung der individuellen Mobilität als nicht nur historischen Garanten von Wohlstand und Freiheit und der Abschaffung des Autos als Privateigentum steht. Das zumindest ist die Realität, die längst offen in Brüssel diskutiert wird. Diesem Ansinnen erteilen wir eine klare Absage. Nicht mit uns.",Man ignoriert die fehlende Ladeinfrastruktur  man ignoriert Warnungen aus Wirtschaft  Industrie  Technik und Lehre und beharrt stattdessen in einer einseitig politischen Festlegung auf Elektromobilität  die die CO2Emissionen in naher Zukunft nicht reduzieren wird  weil dahinter längst der Gedanke der Abschaffung der individuellen Mobilität als nicht nur historischen Garanten von Wohlstand und Freiheit und der Abschaffung des Autos als Privateigentum steht  Das zumindest ist die Realität  die längst offen in Brüssel diskutiert wird  Diesem Ansinnen erteilen wir eine klare Absage  Nicht mit uns,82
173,eu9_30940,Gunnar Beck,2022-06-07,"Das EU-Parlament fordert die Kommission und die Mitgliedstaaten auf, ihre Anstrengungen zur Erreichung der Klimaneutralität bis 2050 zu intensivieren. Fakt ist, dass seit dem Jahr 2010 die CO2-Emissionen in der EU um 14 % gesunken sind, während die globalen Emissionen um 11 % zugenommen haben. Im Jahr 2010 lag der Anteil der EU an den weltweiten Treibhausgasemissionen bei über 10 %, heute liegt er bei 8,6 %. Zeitgleich sind aber zwischen 2010 und 2019 die chinesischen CO2-Emissionen um 21 % gestiegen. Chinas Anteil an den weltweiten CO2-Emissionen ist also von 27,5 % auf 30 % gestiegen und wird voraussichtlich im nächsten Jahrzehnt noch weiter steigen. Auch die Emissionen in anderen sogenannten Entwicklungsländern nehmen stetig zu. Schlussfolgerung: Selbst wenn eine sich de-entwickelnde EU die Klimaneutralität bis 2050 erreicht, so werden sich die weltweiten CO2-Emissionen bis dahin trotzdem verdoppelt haben.",Das EUParlament fordert die Kommission und die Mitgliedstaaten auf  ihre Anstrengungen zur Erreichung der Klimaneutralität bis 2050 zu intensivieren  Fakt ist  dass seit dem Jahr 2010 die CO2Emissionen in der EU um 14    gesunken sind  während die globalen Emissionen um 11    zugenommen haben  Im Jahr 2010 lag der Anteil der EU an den weltweiten Treibhausgasemissionen bei über 10     heute liegt er bei 86     Zeitgleich sind aber zwischen 2010 und 2019 die chinesischen CO2Emissionen um 21    gestiegen  Chinas Anteil an den weltweiten CO2Emissionen ist also von 275    auf 30    gestiegen und wird voraussichtlich im nächsten Jahrzehnt noch weiter steigen  Auch die Emissionen in anderen sogenannten Entwicklungsländern nehmen stetig zu  Schlussfolgerung  Selbst wenn eine sich deentwickelnde EU die Klimaneutralität bis 2050 erreicht  so werden sich die weltweiten CO2Emissionen bis dahin trotzdem verdoppelt haben,131
174,eu9_30940,Gunnar Beck,2022-06-07,"Daher sollte klar festgehalten sein: Der EU-Green Deal kostet die europäischen Bürger Milliarden, sowohl in Geld als auch in Lebensqualität, ohne langfristig eine tatsächliche globale Wirkung zu erzielen. Wenn die EU den Klimawandel ernst nehmen würde, so müsste sie den privilegierten Status (non-Annex 1 Status) der sogenannten „Entwicklungsländer“, einschließlich China, abschaffen, der diese von verbindlichen Emissionsreduktionszielen befreit.",Daher sollte klar festgehalten sein  Der EUGreen Deal kostet die europäischen Bürger Milliarden  sowohl in Geld als auch in Lebensqualität  ohne langfristig eine tatsächliche globale Wirkung zu erzielen  Wenn die EU den Klimawandel ernst nehmen würde  so müsste sie den privilegierten Status  nonAnnex 1 Status  der sogenannten „ Entwicklungsländer “  einschließlich China  abschaffen  der diese von verbindlichen Emissionsreduktionszielen befreit,59
175,eu9_31015,Bernhard Zimniok,2022-06-07,"Herr Präsident! Die EU will im Ukrainekonflikt eine gemeinsame Linie erzwingen, die aber den nationalen Interessen zahlreicher Mitgliedstaaten komplett zuwiderläuft. Die Sanktionen sind völlig sinnbefreit und schaden eigentlich nur uns selbst. Gerade die massiv gestiegenen Energiepreise sorgen in Deutschland dafür, dass die sowieso schon enorm hohen Kosten der völlig fehlgeleiteten Energiewende noch deutlich höher ausfallen. Gleichzeitig sorgen die Sanktionen nicht nur dafür, dass die Zustimmung für Putin sowohl unter der Bevölkerung als auch unter den Oligarchen so stark wie nie zuvor ist. Und laut CNN und Bloomberg verdient Russland mittlerweile sogar mehr Geld durch Rohstoffe als vor dem Krieg. Wer diese absurden Sanktionen unterstützt, schadet unseren Bürgern und stärkt Putin. Wir Kritiker der Maßnahmen werden dadurch genauso bestätigt wie durch den Verlauf des Krieges. Was haben die Waffenlieferungen bisher gebracht? Mehr Tod und Zerstörung und sonst nichts.",Herr Präsident  Die EU will im Ukrainekonflikt eine gemeinsame Linie erzwingen  die aber den nationalen Interessen zahlreicher Mitgliedstaaten komplett zuwiderläuft  Die Sanktionen sind völlig sinnbefreit und schaden eigentlich nur uns selbst  Gerade die massiv gestiegenen Energiepreise sorgen in Deutschland dafür  dass die sowieso schon enorm hohen Kosten der völlig fehlgeleiteten Energiewende noch deutlich höher ausfallen  Gleichzeitig sorgen die Sanktionen nicht nur dafür  dass die Zustimmung für Putin sowohl unter der Bevölkerung als auch unter den Oligarchen so stark wie nie zuvor ist  Und laut CNN und Bloomberg verdient Russland mittlerweile sogar mehr Geld durch Rohstoffe als vor dem Krieg  Wer diese absurden Sanktionen unterstützt  schadet unseren Bürgern und stärkt Putin  Wir Kritiker der Maßnahmen werden dadurch genauso bestätigt wie durch den Verlauf des Krieges  Was haben die Waffenlieferungen bisher gebracht  Mehr Tod und Zerstörung und sonst nichts,137
176,eu9_31051,Nicolaus Fest,2022-06-07,"Frau Präsidentin! Heute geht es um die östliche Partnerschaft in Sachen Sicherheits- und Verteidigungspolitik. Aber tatsächlich packt einen die Verzweiflung, wenn man diese Anträge liest. Es gibt wirklich keinen einzigen Antrag mehr in diesem Haus, der nicht von linksgrünen Blütenträumen überladen wird. Eigentlich, wie gesagt, geht es um Sicherheits- und Verteidigungspolitik. Aber im Antrag geht es auch um Zivilgesellschaft, angebliche Bekämpfung von Desinformation und natürlich um die Rettung des Klimas. Dafür will man einen Klimafonds einrichten. Was aber hat ein Klimafonds mit Sicherheits- und Verteidigungspolitik zu tun? Und dann gibt es natürlich auch Forderungen nach sofortigen Öl- und Gasembargos gegen Russland und die sofortige EU- und NATO-Partnerschaft mit Georgien, Moldawien und so weiter und so weiter. Man fragt sich wirklich, ob Sie mal irgendwann die russischen Interessen auch irgendwie berücksichtigen.",Frau Präsidentin  Heute geht es um die östliche Partnerschaft in Sachen Sicherheits und Verteidigungspolitik  Aber tatsächlich packt einen die Verzweiflung  wenn man diese Anträge liest  Es gibt wirklich keinen einzigen Antrag mehr in diesem Haus  der nicht von linksgrünen Blütenträumen überladen wird  Eigentlich  wie gesagt  geht es um Sicherheits und Verteidigungspolitik  Aber im Antrag geht es auch um Zivilgesellschaft  angebliche Bekämpfung von Desinformation und natürlich um die Rettung des Klimas  Dafür will man einen Klimafonds einrichten  Was aber hat ein Klimafonds mit Sicherheits und Verteidigungspolitik zu tun  Und dann gibt es natürlich auch Forderungen nach sofortigen Öl und Gasembargos gegen Russland und die sofortige EU und NATOPartnerschaft mit Georgien  Moldawien und so weiter und so weiter  Man fragt sich wirklich  ob Sie mal irgendwann die russischen Interessen auch irgendwie berücksichtigen,130
177,eu9_31118,Nicolaus Fest,2022-06-06,"Das sollten wir irgendwann einmal zur Kenntnis nehmen und solange Erdoğan dort ist, die Beitrittsverhandlungen definitiv stoppen und auch keine weiteren Gelder an die Türkei überweisen.",Das sollten wir irgendwann einmal zur Kenntnis nehmen und solange Erdoğan dort ist  die Beitrittsverhandlungen definitiv stoppen und auch keine weiteren Gelder an die Türkei überweisen,26
178,eu9_31152,Bernhard Zimniok,2022-06-06,"Herr Präsident, werte Kollegen! Was kommt dabei heraus, wenn ein Biobauer Abgeordneter wird und aus welchen Gründen auch immer einen Bericht zur Verteidigungspolitik verfasst? Richtig, elementare militärische Fragen werden mit linksgrüner Ideologie vermischt. Während früher Sun Tzu und Clausewitz gelehrt wurden, soll jetzt stattdessen die Klimaideologie im Verteidigungsbereich Einzug halten. Wenig überraschend scheitert der Bericht daher auch am Realitätscheck. Die Kernaufgabe des Militärs, durch Abschreckung und Stärke die Sicherheit eines Landes zu gewährleisten, wird durch die in diesem Bericht genannten Forderungen komplett torpediert. Eine davon lautet ernsthaft, dass der Ausbau einer Armee nicht zu einer erhöhten CO2-Belastung führen darf. In Deutschland haben wir, dank der Altparteien, ein völlig heruntergewirtschaftetes Militär, das zwingend massiver Investitionen und Strukturreformen bedarf. Das ist mit solchen realitätsfernen Vorgaben schlicht unmöglich.",Herr Präsident  werte Kollegen  Was kommt dabei heraus  wenn ein Biobauer Abgeordneter wird und aus welchen Gründen auch immer einen Bericht zur Verteidigungspolitik verfasst  Richtig  elementare militärische Fragen werden mit linksgrüner Ideologie vermischt  Während früher Sun Tzu und Clausewitz gelehrt wurden  soll jetzt stattdessen die Klimaideologie im Verteidigungsbereich Einzug halten  Wenig überraschend scheitert der Bericht daher auch am Realitätscheck  Die Kernaufgabe des Militärs  durch Abschreckung und Stärke die Sicherheit eines Landes zu gewährleisten  wird durch die in diesem Bericht genannten Forderungen komplett torpediert  Eine davon lautet ernsthaft  dass der Ausbau einer Armee nicht zu einer erhöhten CO2Belastung führen darf  In Deutschland haben wir  dank der Altparteien  ein völlig heruntergewirtschaftetes Militär  das zwingend massiver Investitionen und Strukturreformen bedarf  Das ist mit solchen realitätsfernen Vorgaben schlicht unmöglich,125
179,eu9_31152,Bernhard Zimniok,2022-06-06,"Ein Leopard 2 – ein Panzer, für die, die es nicht wissen – schluckt auch weiterhin 530 Liter Diesel pro Stunde oder pro 100 km, sorry. Soll dann lieber ein Panzer gekauft werden, der nicht den Ansprüchen genügt, aber dafür weniger verbraucht, weniger CO2 ausstößt? Welch ein Wahnsinn. Es wird sogar gefordert, dass die Regierungen Berichte über die Emissionen des Militärs an die UN und die nationalen Parlamente übermitteln müssen. Dadurch würden aber zentrale Infos wie z. B. militärische Schlagkraft veröffentlicht werden. Sollen wir unseren Gegnern nicht gleich eine konkrete Auflistung unseres Militärs zukommen lassen? Einigen wir uns doch stattdessen auf etwas, was Sinn ergibt und umsetzbar ist, also beispielsweise, dass die ökologische Perspektive bei künftigen Entscheidungen mit einbezogen wird, z. B. bei Übungen in Friedenszeiten. Der entscheidende Aspekt muss aber natürlich die Verteidigungsfähigkeit sein und bleiben.",Ein Leopard   2   – ein Panzer  für die  die es nicht wissen   – schluckt auch weiterhin 530   Liter Diesel pro Stunde oder pro 100   km  sorry  Soll dann lieber ein Panzer gekauft werden  der nicht den Ansprüchen genügt  aber dafür weniger verbraucht  weniger CO2 ausstößt  Welch ein Wahnsinn  Es wird sogar gefordert  dass die Regierungen Berichte über die Emissionen des Militärs an die UN und die nationalen Parlamente übermitteln müssen  Dadurch würden aber zentrale Infos wie z   B militärische Schlagkraft veröffentlicht werden  Sollen wir unseren Gegnern nicht gleich eine konkrete Auflistung unseres Militärs zukommen lassen  Einigen wir uns doch stattdessen auf etwas  was Sinn ergibt und umsetzbar ist  also beispielsweise  dass die ökologische Perspektive bei künftigen Entscheidungen mit einbezogen wird  z   B bei Übungen in Friedenszeiten  Der entscheidende Aspekt muss aber natürlich die Verteidigungsfähigkeit sein und bleiben,137
180,eu9_31152,Bernhard Zimniok,2022-06-06,"Wenn wir aus zukünftigen Krisen oder gar Kriegen siegreich hervorgehen wollen, brauchen wir eine bessere Strategie, Ausrüstung und Kampfkraft und nicht die bessere CO2-Bilanz. Und genau deswegen müssen diese Entscheidungen auch weiterhin in nationaler Verantwortung bleiben und liegen, damit am Ende nicht ein Biobauer über die nationale Sicherheit in Deutschland entscheidet. Es sprach ein Oberstleutnant der ehemals guten, glorreichen deutschen Armee.",Wenn wir aus zukünftigen Krisen oder gar Kriegen siegreich hervorgehen wollen  brauchen wir eine bessere Strategie  Ausrüstung und Kampfkraft und nicht die bessere CO2Bilanz  Und genau deswegen müssen diese Entscheidungen auch weiterhin in nationaler Verantwortung bleiben und liegen  damit am Ende nicht ein Biobauer über die nationale Sicherheit in Deutschland entscheidet  Es sprach ein Oberstleutnant der ehemals guten  glorreichen deutschen Armee,61
181,eu9_31303,Gunnar Beck,2022-06-06,"Frau Präsidentin! Aufforstung der Erdoberfläche ist laut einer Studie der Technischen Hochschule Zürich die wirksamste Maßnahme zur Klimarettung. Ein Drittel mehr Waldfläche weltweit würde zwei Drittel des industriell erzeugten Kohlenstoffs absorbieren. Deutschland ist mit 32 % Forstfläche auf Platz 21 der EU. Mit 10 Prozentpunkten Aufforstung könnten Deutschland und die EU ihren Beitrag zur Klimarettung leisten. Stattdessen erzwingt die EU die grüne Transformation und Deindustrialisierung. Mit Anteilen von jeweils 2 und 8 % an den weltweiten CO2‑Emissionen ist unser Einfluss auf das Weltklima gleich Null. Das Ergebnis kann daher nicht die Klimarettung, sondern nur das Ende unserer Wettbewerbsfähigkeit sein. Sie wollen dies, denn sonst sprächen Sie hier auch über Aufforstung.",Frau Präsidentin  Aufforstung der Erdoberfläche ist laut einer Studie der Technischen Hochschule Zürich die wirksamste Maßnahme zur Klimarettung  Ein Drittel mehr Waldfläche weltweit würde zwei Drittel des industriell erzeugten Kohlenstoffs absorbieren  Deutschland ist mit 32    Forstfläche auf Platz   21 der EU  Mit 10   Prozentpunkten Aufforstung könnten Deutschland und die EU ihren Beitrag zur Klimarettung leisten  Stattdessen erzwingt die EU die grüne Transformation und Deindustrialisierung  Mit Anteilen von jeweils 2 und 8    an den weltweiten CO2‑Emissionen ist unser Einfluss auf das Weltklima gleich Null  Das Ergebnis kann daher nicht die Klimarettung  sondern nur das Ende unserer Wettbewerbsfähigkeit sein  Sie wollen dies  denn sonst sprächen Sie hier auch über Aufforstung,108
182,eu9_31347,Guido Reil,2022-05-19,"Sie haben den Menschen eingeredet, dass der Klimawandel das Ende der Welt bedeutet. Über Dreiviertel aller jungen Leute sind deswegen besorgt, fast die Hälfte sogar so sehr, dass sie sich in ihrem Alltagsleben beeinträchtigt fühlen. Für Sie ist das praktisch. Sie können Ihre Umverteilungs-Agenda ungestört durchsetzen, und wenn die Jugend dereinst bemerkt, dass sie arm bleibt und den Lebensstandard ihrer Eltern nicht reproduzieren kann, dann werden nicht Sie und Ihre verheerende Politik dafür verantwortlich gemacht, sondern der ach so schwammige Klimawandel, an dem wir doch alle irgendwie schuld sind. Für Sie ist das so praktisch, dass Sie sicher gehen wollen, dass das auch so bleibt, denn schließlich wollen Sie uns mit Ihrem wahnsinnigen Green Deal noch auf Jahrzehnte beschäftigen. Darum greifen Sie nach der Bildung – einem Bereich, der zutiefst nationalstaatlich geprägt ist und einen wesentlichen Teil der kulturellen Identität eines Menschen ausmacht.",Sie haben den Menschen eingeredet  dass der Klimawandel das Ende der Welt bedeutet  Über Dreiviertel aller jungen Leute sind deswegen besorgt  fast die Hälfte sogar so sehr  dass sie sich in ihrem Alltagsleben beeinträchtigt fühlen  Für Sie ist das praktisch  Sie können Ihre UmverteilungsAgenda ungestört durchsetzen  und wenn die Jugend dereinst bemerkt  dass sie arm bleibt und den Lebensstandard ihrer Eltern nicht reproduzieren kann  dann werden nicht Sie und Ihre verheerende Politik dafür verantwortlich gemacht  sondern der ach so schwammige Klimawandel  an dem wir doch alle irgendwie schuld sind  Für Sie ist das so praktisch  dass Sie sicher gehen wollen  dass das auch so bleibt  denn schließlich wollen Sie uns mit Ihrem wahnsinnigen Green Deal noch auf Jahrzehnte beschäftigen  Darum greifen Sie nach der Bildung – einem Bereich  der zutiefst nationalstaatlich geprägt ist und einen wesentlichen Teil der kulturellen Identität eines Menschen ausmacht,143
183,eu9_31347,Guido Reil,2022-05-19,"Wer könnte etwas gegen biologische Vielfalt, Nachhaltigkeit und die Zukunft des Planeten haben? Tatsächlich aber geht es Ihnen darum, die Menschen von klein auf zu indoktrinieren, Hoheit über Kinderbetten zu erlangen und diffuse Ängste zu erzeugen, um leichter herrschen zu können – alles für eine Agenda der Umverteilung von unten nach oben.",Wer könnte etwas gegen biologische Vielfalt  Nachhaltigkeit und die Zukunft des Planeten haben  Tatsächlich aber geht es Ihnen darum  die Menschen von klein auf zu indoktrinieren  Hoheit über Kinderbetten zu erlangen und diffuse Ängste zu erzeugen  um leichter herrschen zu können – alles für eine Agenda der Umverteilung von unten nach oben,52
184,eu9_31406,Markus Buchheit,2022-05-19,"Wir brauchen bezahlbare, sichere Energie, und das geht letztlich nur mit weniger Ideologie und einem diversifizierten, technologieoffenen Energiemix europaweit zugunsten aller Länder und Bürger. Wir müssen nicht eine Abhängigkeit durch eine weitere ersetzen, wie es gerade der Fall ist. Echte Solidarität, meine Damen und Herren, bedeutet eben auch die Forderung nach einer umfassenden und sofortigen Energiesicherheitswende.",Wir brauchen bezahlbare  sichere Energie  und das geht letztlich nur mit weniger Ideologie und einem diversifizierten  technologieoffenen Energiemix europaweit zugunsten aller Länder und Bürger  Wir müssen nicht eine Abhängigkeit durch eine weitere ersetzen  wie es gerade der Fall ist  Echte Solidarität  meine Damen und Herren  bedeutet eben auch die Forderung nach einer umfassenden und sofortigen Energiesicherheitswende,56
185,eu9_31613,Gunnar Beck,2022-05-18,"Klingt das nach einer unabhängigen Justiz? Ich denke eher im Gegenteil. Machen wir uns nichts vor: Wenn die EU von Rechtsstaatlichkeit spricht, spricht sie eigentlich von Linksstaatlichkeit. Tatsächlich glaube ich, dass die Rechtsstaatlichkeit bei den Verfassungsgerichten in Ungarn und Polen besser aufgehoben ist als bei den Eurokraten in Brüssel oder Berlin.",Klingt das nach einer unabhängigen Justiz  Ich denke eher im Gegenteil  Machen wir uns nichts vor  Wenn die EU von Rechtsstaatlichkeit spricht  spricht sie eigentlich von Linksstaatlichkeit  Tatsächlich glaube ich  dass die Rechtsstaatlichkeit bei den Verfassungsgerichten in Ungarn und Polen besser aufgehoben ist als bei den Eurokraten in Brüssel oder Berlin,51
186,eu9_31698,Gunnar Beck,2022-05-18,"Heuchler sonnen sich gerne im Heiligenscheine der Entsagung und des Verzichts, aber insgeheim lassen sie sich die Sensationen des Sünders ungern entgehen. Seien Sie also ehrlich: Sie wollen nur mehr Steuern, keine Gerechtigkeit. Meine Fraktion will vor allem weniger Steuern für alle, außer multinationals. Und dies wollen wir ohne Wenn und Aber, nur konsequent.",Heuchler sonnen sich gerne im Heiligenscheine der Entsagung und des Verzichts  aber insgeheim lassen sie sich die Sensationen des Sünders ungern entgehen  Seien Sie also ehrlich  Sie wollen nur mehr Steuern  keine Gerechtigkeit  Meine Fraktion will vor allem weniger Steuern für alle  außer multinationals  Und dies wollen wir ohne Wenn und Aber  nur konsequent,54
187,eu9_31805,Christine Anderson,2022-05-05,"Über alles und jedes regt sich das EU-Parlament auf. Aber zu diesen zum Himmel schreienden, menschenverachtenden Vorgängen schweigt das EU-Parlament, ganz so, als habe die Abwägung schützenswerter Interessen ergeben, dass die Menschenrechte einfacher Ukrainerinnen eben hinter den Lifestylewünschen der privilegierten Schichten zurückfallen. Hören Sie also bitte auf, in Ihrem irreführenden Papier zu behaupten, dass den flüchtenden Frauen aus der Ukraine vor allem durch einen leichteren Zugang zur Abtreibung geholfen werden muss! Das ist Ablenkung von wahrlich dramatischen Verhältnissen.",Über alles und jedes regt sich das EUParlament auf  Aber zu diesen zum Himmel schreienden  menschenverachtenden Vorgängen schweigt das EUParlament  ganz so  als habe die Abwägung schützenswerter Interessen ergeben  dass die Menschenrechte einfacher Ukrainerinnen eben hinter den Lifestylewünschen der privilegierten Schichten zurückfallen  Hören Sie also bitte auf  in Ihrem irreführenden Papier zu behaupten  dass den flüchtenden Frauen aus der Ukraine vor allem durch einen leichteren Zugang zur Abtreibung geholfen werden muss  Das ist Ablenkung von wahrlich dramatischen Verhältnissen,78
188,eu9_32219,Gunnar Beck,2022-05-04,"Herr Präsident, Frau Kommissarin! Das Wettbewerbsrecht richtet sich gegen Wettbewerbsverzerrungen, einschließlich Subventionen. Subventioniert werden sollen nun aber Klimarettung und der grüne Wandel – ohne Basis in den EU-Verträgen. Denn die grüne Transformation geht weit über Umweltschutz hinaus. Zwei Volkswirtschaften werden so geschaffen, eine staatlich und EZB-subventionierte, regulatorisch und zinsbegünstigte grüne Wirtschaft und eine herkömmliche Industrie, für die strenge Regeln gelten, damit auch Anleger grün investieren. Was aber, wenn der Rest der Welt die Klimarettung nicht mitmacht? Mit einem Anteil an den weltweiten CO2-Emissionen von rund 7 % ist der EU-Einfluss auf das Klima gleich null. Das Ergebnis: Wir zerlegen unsere besten Industrien, in denen wir noch wettbewerbsfähig sind. Die Beschäftigung und die Einkommen sinken, indes die Migration steigt und die Preise explodieren – niemandem zum Nutzen, außer Ihren grünen Finanzjongleuren und Windradbaronen.",Herr Präsident  Frau Kommissarin  Das Wettbewerbsrecht richtet sich gegen Wettbewerbsverzerrungen  einschließlich Subventionen  Subventioniert werden sollen nun aber Klimarettung und der grüne Wandel   – ohne Basis in den EUVerträgen  Denn die grüne Transformation geht weit über Umweltschutz hinaus  Zwei Volkswirtschaften werden so geschaffen  eine staatlich und EZBsubventionierte  regulatorisch und zinsbegünstigte grüne Wirtschaft und eine herkömmliche Industrie  für die strenge Regeln gelten  damit auch Anleger grün investieren  Was aber  wenn der Rest der Welt die Klimarettung nicht mitmacht  Mit einem Anteil an den weltweiten CO2Emissionen von rund 7    ist der EUEinfluss auf das Klima gleich null  Das Ergebnis  Wir zerlegen unsere besten Industrien  in denen wir noch wettbewerbsfähig sind  Die Beschäftigung und die Einkommen sinken  indes die Migration steigt und die Preise explodieren   – niemandem zum Nutzen  außer Ihren grünen Finanzjongleuren und Windradbaronen,131
189,eu9_32226,Guido Reil,2022-05-04,"Herr Präsident, liebe Kolleginnen und Kollegen! Dieser Bericht begrüßt ausdrücklich Beihilfen für den schnelleren Kohleausstieg. Kohle, das schwarze Gold, die Quelle oder besser gesagt die Wurzeln der EU und die Quelle unseres Wohlstandes, ist für dieses Parlament nur noch schwarzer Dreck und der große Klimakiller. Ich sehe das völlig anders: Wir brauchen sichere Energie. Wir brauchen bezahlbare Energie. Und gerade die Krise jetzt hat doch gezeigt, wie angreifbar wir sind, wie verletzlich wir sind von äußeren Einflüssen, zum Beispiel von russischem Gas, wenn wir gleichzeitig aus der Kohle und aus der Atomkraft aussteigen. Diesen Wahnsinn dürfen wir nicht weiterbetreiben. Wir brauchen keinen schnelleren Ausstieg. Wir brauchen einen schnellen Ausstieg aus dem Ausstieg. Wir brauchen eine Renaissance von Kohle und von Atomkraft für eine sichere Energie, für eine bezahlbare Energie, für sichere Arbeitsplätze. Das ist wichtig. Und dafür müssen wir einstehen.",Herr Präsident  liebe Kolleginnen und Kollegen  Dieser Bericht begrüßt ausdrücklich Beihilfen für den schnelleren Kohleausstieg  Kohle  das schwarze Gold  die Quelle oder besser gesagt die Wurzeln der EU und die Quelle unseres Wohlstandes  ist für dieses Parlament nur noch schwarzer Dreck und der große Klimakiller  Ich sehe das völlig anders  Wir brauchen sichere Energie  Wir brauchen bezahlbare Energie  Und gerade die Krise jetzt hat doch gezeigt  wie angreifbar wir sind  wie verletzlich wir sind von äußeren Einflüssen  zum Beispiel von russischem Gas  wenn wir gleichzeitig aus der Kohle und aus der Atomkraft aussteigen  Diesen Wahnsinn dürfen wir nicht weiterbetreiben  Wir brauchen keinen schnelleren Ausstieg  Wir brauchen einen schnellen Ausstieg aus dem Ausstieg  Wir brauchen eine Renaissance von Kohle und von Atomkraft für eine sichere Energie  für eine bezahlbare Energie  für sichere Arbeitsplätze  Das ist wichtig  Und dafür müssen wir einstehen,140
190,eu9_32429,Gunnar Beck,2022-05-03,"Kein Wunder also, dass die Konferenzvorschläge genau den Plänen entsprechen, die Macron und Merkel Ursula von der Leyen vor knapp drei Jahren in den Tornister legten. Sie palavern hier über Grundrechte, Demokratie und Rechtsstaat, aber Sie beschränken Meinungsäußerungen und offene Debatte. Seit 30 Jahren führt uns mehr Integration in den wirtschaftlichen Abgrund. Sie machen weiter so – wider alle Erfahrung und gegen alle Vernunft.",Kein Wunder also  dass die Konferenzvorschläge genau den Plänen entsprechen  die Macron und Merkel Ursula von der Leyen vor knapp drei Jahren in den Tornister legten  Sie palavern hier über Grundrechte  Demokratie und Rechtsstaat  aber Sie beschränken Meinungsäußerungen und offene Debatte  Seit 30   Jahren führt uns mehr Integration in den wirtschaftlichen Abgrund  Sie machen weiter so   – wider alle Erfahrung und gegen alle Vernunft,64
191,eu9_32994,Nicolaus Fest,2022-04-06,"Also ein Totalembargo von Gas und Öl ist wirtschaftlicher Suizid. Diese Verlegenheit, in der wir sind, ist leider das Erbe von Angela Merkel. Aber ich bin für harte Sanktionen, ich bin vor allem für alle Waffenlieferungen in die Ukraine, um den dortigen Kämpfern zu helfen. Aber wir sollten sehr vorsichtig sein: Wirtschaftlichen Selbstmord zu begehen, um der Ukraine zu helfen, ist sicherlich der falsche Weg.",Also ein Totalembargo von Gas und Öl ist wirtschaftlicher Suizid  Diese Verlegenheit  in der wir sind  ist leider das Erbe von Angela Merkel  Aber ich bin für harte Sanktionen  ich bin vor allem für alle Waffenlieferungen in die Ukraine  um den dortigen Kämpfern zu helfen  Aber wir sollten sehr vorsichtig sein  Wirtschaftlichen Selbstmord zu begehen  um der Ukraine zu helfen  ist sicherlich der falsche Weg,65
192,eu9_33111,Nicolaus Fest,2022-04-06,"Ich denke, das sollten wir alle in Erinnerung behalten und mal alle verbal ein bisschen abrüsten. Mit Ausnahme wahrscheinlich der Polen und vieler Vertreter der baltischen Länder und einiger weniger anderer hatten viel zu viele viel zu lange Sympathien für Putin. Solange Sie das hier nicht zugeben, bleibt diese Debatte hoffnungslos verlogen.",Ich denke  das sollten wir alle in Erinnerung behalten und mal alle verbal ein bisschen abrüsten  Mit Ausnahme wahrscheinlich der Polen und vieler Vertreter der baltischen Länder und einiger weniger anderer hatten viel zu viele viel zu lange Sympathien für Putin  Solange Sie das hier nicht zugeben  bleibt diese Debatte hoffnungslos verlogen,52
193,eu9_33152,Gunnar Beck,2022-04-06,"Dieses Erfolgsmodell zu entwerten ist das wahre Motiv hinter Ihrer Sorge um den Rechtsstaat. Ginge es wirklich um Sicherung von Demokratie und Rechtsstaatlichkeit, wäre das Beste, Deutschland und die EU würden fortan nicht mehr aus Brüssel und Berlin regiert, sondern von Budapest aus.",Dieses Erfolgsmodell zu entwerten ist das wahre Motiv hinter Ihrer Sorge um den Rechtsstaat  Ginge es wirklich um Sicherung von Demokratie und Rechtsstaatlichkeit  wäre das Beste  Deutschland und die EU würden fortan nicht mehr aus Brüssel und Berlin regiert  sondern von Budapest aus,43
194,eu9_33684,Guido Reil,2022-04-05,"So sehr ich mich nun darüber freue, dass Sie endlich anerkennen, dass wir China gegenüber anders auftreten müssen, so sehr sorge ich mich, wie lange Sie in anderen Politikbereichen brauchen werden, um dort die Realität anzuerkennen.",So sehr ich mich nun darüber freue  dass Sie endlich anerkennen  dass wir China gegenüber anders auftreten müssen  so sehr sorge ich mich  wie lange Sie in anderen Politikbereichen brauchen werden  um dort die Realität anzuerkennen,36
195,eu9_33891,Markus Buchheit,2022-03-24,"Frau Präsidentin! Frau Kollegin Paulus, zu Ihren Worten gerade eben: Wir brauchen eine starke Solarindustrie in Europa. Wozu das geführt hat, das haben wir beim letzten Mal gesehen. Das war ein Milliardengrab. Es hat so nicht funktioniert, wie Sie sich das Ganze vorstellen. Meine Damen und Herren, es gehört schon eine gehörige Portion Dreistigkeit – viele hier im Raum würden sagen Mut – dazu, dass wir hier als besonderes Zeichen besonderer Weitsicht erst ideologische Luftschlösser wie den Grünen Deal aufbauen, nun von der Realität eingeholt werden und dann zurückrudern und diesen ganzen Aktionismus auch wieder als Weitsicht verkaufen wollen. Ein kleines Beispiel: Das Kohlekraftwerk Moorburg bei Hamburg hat uns 3 Milliarden Euro gekostet, wurde 2015 eingeweiht, hat genau fünf Jahre produziert und soll nun wieder stillgelegt werden und ist bestenfalls noch in der Reserve vorhanden.",Frau Präsidentin  Frau Kollegin Paulus  zu Ihren Worten gerade eben  Wir brauchen eine starke Solarindustrie in Europa  Wozu das geführt hat  das haben wir beim letzten Mal gesehen  Das war ein Milliardengrab  Es hat so nicht funktioniert  wie Sie sich das Ganze vorstellen  Meine Damen und Herren  es gehört schon eine gehörige Portion Dreistigkeit – viele hier im Raum würden sagen Mut – dazu  dass wir hier als besonderes Zeichen besonderer Weitsicht erst ideologische Luftschlösser wie den Grünen Deal aufbauen  nun von der Realität eingeholt werden und dann zurückrudern und diesen ganzen Aktionismus auch wieder als Weitsicht verkaufen wollen  Ein kleines Beispiel  Das Kohlekraftwerk Moorburg bei Hamburg hat uns 3   Milliarden Euro gekostet  wurde 2015 eingeweiht  hat genau fünf Jahre produziert und soll nun wieder stillgelegt werden und ist bestenfalls noch in der Reserve vorhanden,135
196,eu9_33891,Markus Buchheit,2022-03-24,"Ich glaube, es wäre wichtiger gewesen, in der Vergangenheit ein offenes Ohr für die Kritiker dieses ganzen Zustandes zu haben statt offener Zeitslots für Selfies mit irgendwelchen Influencern. Das würde ich mir nunmehr auch für die Zukunft wünschen. Haben Sie Verständnis für die Kritiker, haben Sie ein offenes Ohr für das, was hier bisher passiert ist, und rudern Sie zurück von diesem fehlgeschlagenen Green Deal.",Ich glaube  es wäre wichtiger gewesen  in der Vergangenheit ein offenes Ohr für die Kritiker dieses ganzen Zustandes zu haben statt offener Zeitslots für Selfies mit irgendwelchen Influencern  Das würde ich mir nunmehr auch für die Zukunft wünschen  Haben Sie Verständnis für die Kritiker  haben Sie ein offenes Ohr für das  was hier bisher passiert ist  und rudern Sie zurück von diesem fehlgeschlagenen Green Deal,65
197,eu9_34120,Nicolaus Fest,2022-03-23,"Nun fürchten und beklagen Sie und er genau die. Wie unglaubwürdig kann man eigentlich noch werden? Es brauchte einen Krieg, damit Sie endlich aus Ihren globalen und – wie wir heute wissen – sicherheits- und sozialpolitisch unverantwortlichen Agrarträumen aufwachen. Deshalb meine Bitte: Reformieren Sie endlich die Agrarpolitik! Akzeptieren Sie endlich moderne Produktionsmethoden! Unsere Änderungsanträge liegen auf dem Tisch.",Nun fürchten und beklagen Sie und er genau die  Wie unglaubwürdig kann man eigentlich noch werden  Es brauchte einen Krieg  damit Sie endlich aus Ihren globalen und – wie wir heute wissen – sicherheits und sozialpolitisch unverantwortlichen Agrarträumen aufwachen  Deshalb meine Bitte  Reformieren Sie endlich die Agrarpolitik  Akzeptieren Sie endlich moderne Produktionsmethoden  Unsere Änderungsanträge liegen auf dem Tisch,58
198,eu9_34220,Markus Buchheit,2022-03-23,"Und das hat auch dahingehend überhaupt keinen Sinn, da wir sagen: Dieses Land ist nach wie vor auf dem Korruptionsindex weltweit auf Platz 105 und hatte seit 2012 überhaupt keine Verbesserung in diesem Ranking. Insofern: Lassen Sie uns Hilfen gewähren! Lassen Sie uns auch die humanitäre Situation berücksichtigen, aber doch bitte zielgerichtet und nicht im Rahmen der Makrofinanzhilfe.",Und das hat auch dahingehend überhaupt keinen Sinn  da wir sagen  Dieses Land ist nach wie vor auf dem Korruptionsindex weltweit auf Platz   105 und hatte seit 2012 überhaupt keine Verbesserung in diesem Ranking  Insofern  Lassen Sie uns Hilfen gewähren  Lassen Sie uns auch die humanitäre Situation berücksichtigen  aber doch bitte zielgerichtet und nicht im Rahmen der Makrofinanzhilfe,58
199,eu9_34254,Guido Reil,2022-03-23,"Was Sie aber weiterhin unterschätzen, ist der Anteil, den Sie an dieser Situation haben. Wenn Sie das Geld der Steuerzahler – egal mit wie viel blumigen Reden – herausgeben, ohne dessen Verbleib lückenlos zu kontrollieren, befördern Sie logischerweise, dass dieses Geld abgegriffen wird, bevor es da ankommt, wo es hinsoll. Unterlassen Sie das und trocknen Sie die Korruption aus!",Was Sie aber weiterhin unterschätzen  ist der Anteil  den Sie an dieser Situation haben  Wenn Sie das Geld der Steuerzahler – egal mit wie viel blumigen Reden – herausgeben  ohne dessen Verbleib lückenlos zu kontrollieren  befördern Sie logischerweise  dass dieses Geld abgegriffen wird  bevor es da ankommt  wo es hinsoll  Unterlassen Sie das und trocknen Sie die Korruption aus,59
200,eu9_34401,Gunnar Beck,2022-03-10,"Die bevorzugte Behandlung von Nierenversagen im Endstadium ist die Transplantation. Doch die Wartezeit auf eine postmortale Organspende liegt bei 6 bis 8 Jahren. Die einzige Alternative ist die Dialyse. Daher werden in der EU nur 45 % der Intensivpatienten transplantiert, 55 % sind auf Dialyse angewiesen. Wo können wir Geld einsparen, um Nierenpatienten zu helfen? Hier ein paar Vorschläge: Das Europäische Institut für Gleichstellungsfragen hat ein Budget von fast 8 Millionen Euro, die wir sofort einsparen könnten. Der Asyl-, Migrations- und Integrationsfonds, der Nothilfefonds für Afrika und die Flüchtlingszahlungen an die Türkei kosten uns jährlich rund 5,5 Milliarden Euro, die ebenfalls eingespart werden könnten, wenn wir die Grenzen sicherten. Nebenbei: Die Bundesregierung lässt sich ihre Migrationspolitik mindestens 60 Milliarden Euro pro Jahr kosten, und die Klimarettung und die Energiepolitik kosten die Deutschen allein schon jetzt über 100 Milliarden Euro pro Jahr.",Die bevorzugte Behandlung von Nierenversagen im Endstadium ist die Transplantation  Doch die Wartezeit auf eine postmortale Organspende liegt bei 6 bis 8   Jahren  Die einzige Alternative ist die Dialyse  Daher werden in der EU nur 45    der Intensivpatienten transplantiert  55    sind auf Dialyse angewiesen  Wo können wir Geld einsparen  um Nierenpatienten zu helfen  Hier ein paar Vorschläge  Das Europäische Institut für Gleichstellungsfragen hat ein Budget von fast 8   Millionen Euro  die wir sofort einsparen könnten  Der Asyl  Migrations und Integrationsfonds  der Nothilfefonds für Afrika und die Flüchtlingszahlungen an die Türkei kosten uns jährlich rund 55   Milliarden Euro  die ebenfalls eingespart werden könnten  wenn wir die Grenzen sicherten  Nebenbei  Die Bundesregierung lässt sich ihre Migrationspolitik mindestens 60   Milliarden Euro pro Jahr kosten  und die Klimarettung und die Energiepolitik kosten die Deutschen allein schon jetzt über 100   Milliarden Euro pro Jahr,139
201,eu9_34447,Guido Reil,2022-03-09,"Frau Präsidentin, liebe Kolleginnen und Kollegen! Worum geht es heute? Wir reden über das Europäische Semester für wirtschaftspolitische Koordinierung – beschäftigungs- und sozialpolitische Aspekte. Was ist der EU wichtig, wenn es um beschäftigungs- und sozialpolitische Aspekte geht? Es geht um die Klimaneutralitätsziele der EU. Das ist der EU wichtig. Nachhaltiges Wirtschaftswachstum soll das Ziel eines inklusiven und nachhaltigen sozioökologischen Wandels unserer Volkswirtschaft sein – sozioökologischen Wandels! Da sind wir ja wenigstens mal ehrlich. Also für mich ist das nichts anderes als Ökosozialismus, worum es hier geht. Hier sollen in Zukunft Billionen investiert werden – Billionen, die wir nicht haben, die wir erzeugen –, um unsere Wirtschaft zu transformieren, wohin auch immer. Das wird Folgen haben: Menschen werden auf der Strecke bleiben.",Frau Präsidentin  liebe Kolleginnen und Kollegen  Worum geht es heute  Wir reden über das Europäische Semester für wirtschaftspolitische Koordinierung   – beschäftigungs und sozialpolitische Aspekte  Was ist der EU wichtig  wenn es um beschäftigungs und sozialpolitische Aspekte geht  Es geht um die Klimaneutralitätsziele der EU  Das ist der EU wichtig  Nachhaltiges Wirtschaftswachstum soll das Ziel eines inklusiven und nachhaltigen sozioökologischen Wandels unserer Volkswirtschaft sein – sozioökologischen Wandels  Da sind wir ja wenigstens mal ehrlich  Also für mich ist das nichts anderes als Ökosozialismus  worum es hier geht  Hier sollen in Zukunft Billionen investiert werden – Billionen  die wir nicht haben  die wir erzeugen   –  um unsere Wirtschaft zu transformieren  wohin auch immer  Das wird Folgen haben  Menschen werden auf der Strecke bleiben,121
202,eu9_34548,Sylvia Limmer,2022-03-09,"Frau Präsidentin, liebe Kollegen! Abgesehen davon, dass es komplett irrsinnig ist, per politischem Dekret den Automarkt zu zwingen, auf teure, keineswegs CO2-freie, ressourcenverschlingende Elektro- und damit Batterietechnik umzustellen – also abgesehen vom üblichen Unsinn –, stimme ich der Kommission zu, dass Batterien eine Schlüsseltechnologie sind – bzw. zu einer befohlen wurden und daher der Regulation bedürfen. Nicht zuletzt auch, weil diese Technik noch in den Kinderschuhen steckt, und insbesondere, um die Bedingungen, denen Verbrennungsmotoren und Elektromobilität unterworfen sind, anzugleichen. Denn entgegen anderslautenden Behauptungen sind Batterien weder besonders nachhaltig, CO2-frei oder umweltschonend, was die vorliegende Verordnung zum Teil ändern will – was ich erst einmal für begrüßenswert halte. Allerdings will man sich für meinen Geschmack dafür zu viel Zeit nehmen.",Frau Präsidentin  liebe Kollegen  Abgesehen davon  dass es komplett irrsinnig ist  per politischem Dekret den Automarkt zu zwingen  auf teure  keineswegs CO2freie  ressourcenverschlingende Elektro und damit Batterietechnik umzustellen – also abgesehen vom üblichen Unsinn   –  stimme ich der Kommission zu  dass Batterien eine Schlüsseltechnologie sind – bzw zu einer befohlen wurden und daher der Regulation bedürfen  Nicht zuletzt auch  weil diese Technik noch in den Kinderschuhen steckt  und insbesondere  um die Bedingungen  denen Verbrennungsmotoren und Elektromobilität unterworfen sind  anzugleichen  Denn entgegen anderslautenden Behauptungen sind Batterien weder besonders nachhaltig  CO2frei oder umweltschonend  was die vorliegende Verordnung zum Teil ändern will – was ich erst einmal für begrüßenswert halte  Allerdings will man sich für meinen Geschmack dafür zu viel Zeit nehmen,119
203,eu9_34548,Sylvia Limmer,2022-03-09,"Statt der von mir geforderten Zertifizierung des CO2-Fußabdrucks von Batterien bis Mitte 2023 soll es lediglich bei einer CO2-Deklaration ein Jahr später bleiben. Seltsam für eine E-Mobilität, die von sich behauptet, CO2-frei zu sein! Dass man den enormen ökologischen Schäden, aber auch den absehbaren ökonomischen Abhängigkeiten mit einer Recyclingquote beikommen will, ist maximal als netter Versuch zu werten. Eine Studie kam zum Schluss: Wollte man die 32 Millionen britischer Fahrzeuge elektrifizieren, bräuchte man das Doppelte der Weltproduktion bei Kobalt und 75 Prozent der weltweiten Lithiumproduktion. Weltweit werden aber jährlich 56 Millionen Autos produziert. Außerdem befinden sich laut Analyse des Fraunhofer-Instituts vom November 2021 sämtliche Recyclingverfahren noch in den Pilotphasen und produzieren als extrem energieintensive Verfahren selbst große Mengen an CO2 und giftigen Abfallprodukten.",Statt der von mir geforderten Zertifizierung des CO2Fußabdrucks von Batterien bis Mitte 2023 soll es lediglich bei einer CO2Deklaration ein Jahr später bleiben  Seltsam für eine EMobilität  die von sich behauptet  CO2frei zu sein  Dass man den enormen ökologischen Schäden  aber auch den absehbaren ökonomischen Abhängigkeiten mit einer Recyclingquote beikommen will  ist maximal als netter Versuch zu werten  Eine Studie kam zum Schluss  Wollte man die 32   Millionen britischer Fahrzeuge elektrifizieren  bräuchte man das Doppelte der Weltproduktion bei Kobalt und 75   Prozent der weltweiten Lithiumproduktion  Weltweit werden aber jährlich 56   Millionen Autos produziert  Außerdem befinden sich laut Analyse des FraunhoferInstituts vom November 2021 sämtliche Recyclingverfahren noch in den Pilotphasen und produzieren als extrem energieintensive Verfahren selbst große Mengen an CO2 und giftigen Abfallprodukten,123
204,eu9_34548,Sylvia Limmer,2022-03-09,"Für schwerwiegender halte ich die Probleme, die aus den zukünftigen Rohstoffabhängigkeiten resultieren. Bis zu 20 Prozent des batteriefähigen Nickels kommen aus Russland. Die Abhängigkeit von China bezüglich seltener Erden und fast aller verarbeiteten Batteriezutaten ist nicht minder bedenklich. Die derzeitige Krise sollte uns hier Lehrmeister sein. Wir sollten nicht mutwillig neue Abhängigkeiten kreieren. Mein Fazit daher: Eine weitere grandiose politische Fehlentscheidung im Namen des Klimas mit nachfolgender Gesetzgebung zu retten, wird vermutlich scheitern. Am Ende aber etwas, was mir als Mutter persönlich am Herzen liegt: Alle meine Anträge, Kinderarbeit als Ausschlusskriterium in den Lieferketten zu implementieren, wurden im Ausschuss abgelehnt. Lassen Sie bitte nicht zu, dass Kinder für die E-Lifestyle-Karossen der betuchten grünen Klientel zu Leidtragenden werden. Schauen Sie nicht weg. Stimmen Sie unseren Anträgen diesbezüglich zu.",Für schwerwiegender halte ich die Probleme  die aus den zukünftigen Rohstoffabhängigkeiten resultieren  Bis zu 20   Prozent des batteriefähigen Nickels kommen aus Russland  Die Abhängigkeit von China bezüglich seltener Erden und fast aller verarbeiteten Batteriezutaten ist nicht minder bedenklich  Die derzeitige Krise sollte uns hier Lehrmeister sein  Wir sollten nicht mutwillig neue Abhängigkeiten kreieren  Mein Fazit daher  Eine weitere grandiose politische Fehlentscheidung im Namen des Klimas mit nachfolgender Gesetzgebung zu retten  wird vermutlich scheitern  Am Ende aber etwas  was mir als Mutter persönlich am Herzen liegt  Alle meine Anträge  Kinderarbeit als Ausschlusskriterium in den Lieferketten zu implementieren  wurden im Ausschuss abgelehnt  Lassen Sie bitte nicht zu  dass Kinder für die ELifestyleKarossen der betuchten grünen Klientel zu Leidtragenden werden  Schauen Sie nicht weg  Stimmen Sie unseren Anträgen diesbezüglich zu,127
205,eu9_34636,Guido Reil,2022-03-09,"Aber der deutsche Steinkohlenbergbau hat nicht nur sichere Arbeitsplätze geboten, sondern auch Energiesicherheit für unser Land. Denn die deutsche Kohle ist die einzige heimische Energie. Und sie hat auch die deutsche Steinkohlereserve sichergestellt. Das Ganze ist jetzt gerade mal vier Jahre her, und auf einmal können sich deutsche Politiker doch wieder vorstellen, dass diese deutsche Steinkohlereserve doch eine gute Sache ist. So schnelllebig ist manchmal die Zeit und Politik. Aber zurück zum eigentlichen Thema: Was schlägt die Kommission jetzt vor, um für mehr Sicherheit am Arbeitsplatz zu sorgen? COVID-19 soll in die Liste der Berufserkrankungen aufgenommen werden. Das erschließt sich mir jetzt überhaupt nicht. Ja, und dem Endgegner müssen wir uns natürlich auch bei der Arbeitssicherheit stellen: dem Klimawandel. Der Klimawandel bedroht uns jetzt also auch noch am Arbeitsplatz.",Aber der deutsche Steinkohlenbergbau hat nicht nur sichere Arbeitsplätze geboten  sondern auch Energiesicherheit für unser Land  Denn die deutsche Kohle ist die einzige heimische Energie  Und sie hat auch die deutsche Steinkohlereserve sichergestellt  Das Ganze ist jetzt gerade mal vier Jahre her  und auf einmal können sich deutsche Politiker doch wieder vorstellen  dass diese deutsche Steinkohlereserve doch eine gute Sache ist  So schnelllebig ist manchmal die Zeit und Politik  Aber zurück zum eigentlichen Thema  Was schlägt die Kommission jetzt vor  um für mehr Sicherheit am Arbeitsplatz zu sorgen  COVID19 soll in die Liste der Berufserkrankungen aufgenommen werden  Das erschließt sich mir jetzt überhaupt nicht  Ja  und dem Endgegner müssen wir uns natürlich auch bei der Arbeitssicherheit stellen  dem Klimawandel  Der Klimawandel bedroht uns jetzt also auch noch am Arbeitsplatz,129
206,eu9_34645,Nicolaus Fest,2022-03-09,"Herr Präsident, Herr Kommissar! Der Schutz von Arbeitnehmern am Arbeitsplatz ist wirklich ein wichtiges Thema. Deshalb hätten Sie auch Besseres verdient als diesen neuen sogenannten Rahmen, der durchtränkt ist von Ideologie und – man muss es leider so deutlich sagen – Schwachsinn. Drei Beispiele: Erstens soll der Klimawandel nun also schuld an einer erhöhten Zahl von Hautkrebserkrankungen sein. Das soll besonders für Bauarbeiter gelten. Wenn man nach Südostasien fährt, sieht man dort auch Bauarbeiter bei der größten Hitze voll vermummt mit Hüten und Wollschals arbeiten. In Deutschland lieben es die Bauarbeiter lieber ein bisschen freizügiger. Das hat wahrscheinlich mit dem Schönheitsideal zu tun. In Südostasien ist eine weiße Haut das Schönheitsideal, hier ist das wahrscheinlich anders. Aber ganz ernsthaft: Soll sich das Europäische Parlament jetzt damit befassen, ob Bauarbeiter oberkörperfrei sind oder nicht?",Herr Präsident  Herr Kommissar  Der Schutz von Arbeitnehmern am Arbeitsplatz ist wirklich ein wichtiges Thema  Deshalb hätten Sie auch Besseres verdient als diesen neuen sogenannten Rahmen  der durchtränkt ist von Ideologie und – man muss es leider so deutlich sagen – Schwachsinn  Drei Beispiele  Erstens soll der Klimawandel nun also schuld an einer erhöhten Zahl von Hautkrebserkrankungen sein  Das soll besonders für Bauarbeiter gelten  Wenn man nach Südostasien fährt  sieht man dort auch Bauarbeiter bei der größten Hitze voll vermummt mit Hüten und Wollschals arbeiten  In Deutschland lieben es die Bauarbeiter lieber ein bisschen freizügiger  Das hat wahrscheinlich mit dem Schönheitsideal zu tun  In Südostasien ist eine weiße Haut das Schönheitsideal  hier ist das wahrscheinlich anders  Aber ganz ernsthaft  Soll sich das Europäische Parlament jetzt damit befassen  ob Bauarbeiter oberkörperfrei sind oder nicht,133
207,eu9_34859,Jörg Meuthen,2022-03-08,"Es ist selbstverständlich, dass wir unsere Partner nicht im Stich lassen und bei der Aufnahme und Versorgung der Geflüchteten aus der Ukraine mit allen Mitteln helfen. Dies ist die Stunde der Humanität und des Zusammenhalts in Europa.",Es ist selbstverständlich  dass wir unsere Partner nicht im Stich lassen und bei der Aufnahme und Versorgung der Geflüchteten aus der Ukraine mit allen Mitteln helfen  Dies ist die Stunde der Humanität und des Zusammenhalts in Europa,37
208,eu9_34998,Gunnar Beck,2022-03-08,"Herr Präsident! Die Preise für Gas und Rohöl steigen immer schneller und höher. Russland allein sei schuld, denn es verknappe Erdgas und manipuliere den Preis. Vielleicht. Aber die Hauptschuld trägt EU-Kommissionspräsidentin von der Leyen. Erstens: Seit ihrem Amtsantritt ersetzt sie langfristige Lieferverträge durch Spotverträge, weil sie glaubte, die Gasnachfrage werde sinken. Tatsächlich aber steigen die Preise. Spotpreise sind aber keine Spottpreise, und Spotpreise treffen die Verbraucher voll. Zweitens: von der Leyens Grüner Deal. Spaniens Zentralbank simulierte die Auswirkungen der CO2-Steuer und Verrechnungspreise. Fazit: Die hohe spanische Inflation von über 6 Prozent wird um weitere 1,5 Prozentpunkte steigen. Nach Sicht der deutschen Wirtschaftsweisen trägt die Ökopolitik sogar ein Drittel zur Inflationsrate bei. Selbst die EZB-Direktorin Isabel Schnabel gibt mittlerweile zu, die Klimarettung treibe die Inflation an.",Herr Präsident  Die Preise für Gas und Rohöl steigen immer schneller und höher  Russland allein sei schuld  denn es verknappe Erdgas und manipuliere den Preis  Vielleicht  Aber die Hauptschuld trägt EUKommissionspräsidentin von der Leyen  Erstens  Seit ihrem Amtsantritt ersetzt sie langfristige Lieferverträge durch Spotverträge  weil sie glaubte  die Gasnachfrage werde sinken  Tatsächlich aber steigen die Preise  Spotpreise sind aber keine Spottpreise  und Spotpreise treffen die Verbraucher voll  Zweitens  von der Leyens Grüner Deal  Spaniens Zentralbank simulierte die Auswirkungen der CO2Steuer und Verrechnungspreise  Fazit  Die hohe spanische Inflation von über 6   Prozent wird um weitere 15 Prozentpunkte steigen  Nach Sicht der deutschen Wirtschaftsweisen trägt die Ökopolitik sogar ein Drittel zur Inflationsrate bei  Selbst die EZBDirektorin Isabel Schnabel gibt mittlerweile zu  die Klimarettung treibe die Inflation an,125
209,eu9_34998,Gunnar Beck,2022-03-08,"Heute ist Weltfrauentag, und zeitgemäß regieren Frauen Europa. 16 Jahre war es Angela Merkel, die in Deutschland den Atomausstieg und die Klimarettung beschloss. Von der Leyen, die in Deutschland die weltweit höchsten Strompreise und in Europa die höchsten Benzinpreise beschert, und Christine Lagarde, die die Weltrettung mit Negativzinsen finanziert, die Sparer enteignet und den Euro allmählich wertlos macht. Spätestens 2030 sind wir hier pleite. Doch dann sind die drei teuersten Frauen Europas mit Klaus Schwab und Elon Musk längst in ihre transhumane Zukunft entwichen.",Heute ist Weltfrauentag  und zeitgemäß regieren Frauen Europa  16   Jahre war es Angela Merkel  die in Deutschland den Atomausstieg und die Klimarettung beschloss  Von der Leyen  die in Deutschland die weltweit höchsten Strompreise und in Europa die höchsten Benzinpreise beschert  und Christine Lagarde  die die Weltrettung mit Negativzinsen finanziert  die Sparer enteignet und den Euro allmählich wertlos macht  Spätestens 2030 sind wir hier pleite  Doch dann sind die drei teuersten Frauen Europas mit Klaus Schwab und Elon Musk längst in ihre transhumane Zukunft entwichen,84
210,eu9_35009,Jörg Meuthen,2022-03-08,"Die EU-Kommission ist jetzt in der Pflicht, Öl und Gas in die Liste für eine ermäßigte Mehrwertsteuer aufzunehmen, bis hin zu einem Nullsatz, um den Mitgliedstaaten eine spürbare Senkung zu ermöglichen und die Folgen der Krise auf dem Weltmarkt für die Menschen abzufedern.",Die EUKommission ist jetzt in der Pflicht  Öl und Gas in die Liste für eine ermäßigte Mehrwertsteuer aufzunehmen  bis hin zu einem Nullsatz  um den Mitgliedstaaten eine spürbare Senkung zu ermöglichen und die Folgen der Krise auf dem Weltmarkt für die Menschen abzufedern,43
211,eu9_35071,Guido Reil,2022-03-08,"Dort ist die Ungleichheit der Geschlechter noch sehr real. Sie hätten sofort meine volle Unterstützung. Stattdessen reden Sie jungen Frauen ein, dass jeder Rückschlag, den sie erfahren, auf ihr Geschlecht zurückzuführen sei. Das ist narzisstisch und verhindert die Persönlichkeitsentwicklung und das Erwachsenwerden.",Dort ist die Ungleichheit der Geschlechter noch sehr real  Sie hätten sofort meine volle Unterstützung  Stattdessen reden Sie jungen Frauen ein  dass jeder Rückschlag  den sie erfahren  auf ihr Geschlecht zurückzuführen sei  Das ist narzisstisch und verhindert die Persönlichkeitsentwicklung und das Erwachsenwerden,42
212,eu9_35507,Joachim Kuhs,2022-02-17,"Der Preis des Gases, das ich bekomme, wird um 70 % gesteigert. Was tun wir gegen die Gaspreise? Und da bitte ich, Folgendes zu berücksichtigen: Bitte öffnen Sie Nord Stream 2, damit endlich mehr Gas nach Europa fließen kann und der Preis sinken kann.",Der Preis des Gases  das ich bekomme  wird um 70    gesteigert  Was tun wir gegen die Gaspreise  Und da bitte ich  Folgendes zu berücksichtigen  Bitte öffnen Sie Nord   Stream   2  damit endlich mehr Gas nach Europa fließen kann und der Preis sinken kann,43
213,eu9_35649,Guido Reil,2022-02-16,"Und das ist zu verstehen, immerhin haben wir den Klimanotstand ausgerufen. Das klingt bedrohlich. Es gibt tatsächlich Jugendliche, die glauben, sie bräuchten nicht mehr zu lernen, weil sie bald sterben. Dieser Irrsinn ist in den Köpfen einiger Jugendlicher. Sie haben Angst, in Zukunft oder bald zu sterben wegen des Klimawandels. Das ist Irrsinn. Und Schuld an diesem Irrsinn ist die Klimapolitik der EU. Hier wird in unverantwortlicher Art und Weise Angst und Panik geschürt. Und es soll noch weitergehen: Die Kommission hat jetzt vor, die ökologische Nachhaltigkeit zum Kernthema der allgemeinen Bildung zu machen – die ökologische Nachhaltigkeit. Was wir brauchen, ist eine Bildung ohne Ideologie. Und was wir brauchen, ist eine Zukunft für unsere Jugend ohne Schulden. Was wir brauchen, ist eine Zukunft mit weniger EU und mit mehr Freiheit.",Und das ist zu verstehen  immerhin haben wir den Klimanotstand ausgerufen  Das klingt bedrohlich  Es gibt tatsächlich Jugendliche  die glauben  sie bräuchten nicht mehr zu lernen  weil sie bald sterben  Dieser Irrsinn ist in den Köpfen einiger Jugendlicher  Sie haben Angst  in Zukunft oder bald zu sterben wegen des Klimawandels  Das ist Irrsinn  Und Schuld an diesem Irrsinn ist die Klimapolitik der EU  Hier wird in unverantwortlicher Art und Weise Angst und Panik geschürt  Und es soll noch weitergehen  Die Kommission hat jetzt vor  die ökologische Nachhaltigkeit zum Kernthema der allgemeinen Bildung zu machen – die ökologische Nachhaltigkeit  Was wir brauchen  ist eine Bildung ohne Ideologie  Und was wir brauchen  ist eine Zukunft für unsere Jugend ohne Schulden  Was wir brauchen  ist eine Zukunft mit weniger EU und mit mehr Freiheit,131
214,eu9_35797,Guido Reil,2022-02-16,"Herr Präsident, liebe Kolleginnen und Kollegen! Ich oute mich heute mal: Ich bin ein alter weißer Mann, und ich liebe Frauen. Und deswegen kämpfe ich mit vollem Herzen für die Gleichberechtigung und gegen die Unterdrückung der Frau. Umso entsetzter bin ich, was der EU wichtig ist und worauf sie Wert legt, festzustellen: Wichtig ist der EU anzuerkennen, dass Frauen unverhältnismäßig vom Klimawandel betroffen sind. Außerdem ist es wichtig, sich für die Umsetzung gezielter Gleichstellungsmaßnahmen in Verbindung mit dem Gender-Mainstreaming in der Klimapolitik einzusetzen. Außerdem wird festgestellt, dass Frauen und Mädchen besonders häufig Klimaflüchtlinge sind, nämlich zu 80 %. Und auch ein Riesenskandal ist es, dass nur 32 % der Beschäftigten im Bereich der erneuerbaren Energien Frauen sind. So ein Skandal!",Herr Präsident  liebe Kolleginnen und Kollegen  Ich oute mich heute mal  Ich bin ein alter weißer Mann  und ich liebe Frauen  Und deswegen kämpfe ich mit vollem Herzen für die Gleichberechtigung und gegen die Unterdrückung der Frau  Umso entsetzter bin ich  was der EU wichtig ist und worauf sie Wert legt  festzustellen  Wichtig ist der EU anzuerkennen  dass Frauen unverhältnismäßig vom Klimawandel betroffen sind  Außerdem ist es wichtig  sich für die Umsetzung gezielter Gleichstellungsmaßnahmen in Verbindung mit dem GenderMainstreaming in der Klimapolitik einzusetzen  Außerdem wird festgestellt  dass Frauen und Mädchen besonders häufig Klimaflüchtlinge sind  nämlich zu 80     Und auch ein Riesenskandal ist es  dass nur 32    der Beschäftigten im Bereich der erneuerbaren Energien Frauen sind  So ein Skandal,118
215,eu9_35990,Markus Buchheit,2022-02-15,"Frau Präsidentin, meine sehr verehrten Damen und Herren, liebe Kollegen! Ich glaube, wir sollten auch anerkennen – und es ist ja eine sehr facettenreiche Diskussion heute –, wir sollten auch einmal den Blick darauf lenken, dass wir uns in einem globalen Verdrängungswettbewerb befinden, dass unsere Entscheidungen hier im Hause genauso auch wie in der Kommission zu oft weltfremd und abgehoben wirken. Dass wir uns in einem globalen Wettbewerb befinden, das wird selten so deutlich wie eben am Beispiel von Afrika. Wenn die Ansätze anderer Staaten pragmatischer sind, attraktiver erscheinen, dann kommen wir eben nicht zum Zug, sondern unsere Konkurrenten.",Frau Präsidentin  meine sehr verehrten Damen und Herren  liebe Kollegen  Ich glaube  wir sollten auch anerkennen – und es ist ja eine sehr facettenreiche Diskussion heute –  wir sollten auch einmal den Blick darauf lenken  dass wir uns in einem globalen Verdrängungswettbewerb befinden  dass unsere Entscheidungen hier im Hause genauso auch wie in der Kommission zu oft weltfremd und abgehoben wirken  Dass wir uns in einem globalen Wettbewerb befinden  das wird selten so deutlich wie eben am Beispiel von Afrika  Wenn die Ansätze anderer Staaten pragmatischer sind  attraktiver erscheinen  dann kommen wir eben nicht zum Zug  sondern unsere Konkurrenten,99
216,eu9_35990,Markus Buchheit,2022-02-15,"Wir müssen hin zu einer Politik, die auch von unseren Interessen geleitet wird, zu unseren Gunsten und zu denen von Afrika.",Wir müssen hin zu einer Politik  die auch von unseren Interessen geleitet wird  zu unseren Gunsten und zu denen von Afrika,21
217,eu9_36235,Gunnar Beck,2022-02-14,"Unbezahlbar, volkswirtschaftlich desaströs und auf Dauer vertrags- und verfassungswidrig angelegt, denn die Euro-Rettung vollzieht sich seit 2010 durch ständigen Bruch der Artikel 123, 125, 127 und 311 der EU-Verträge. Fazit: Der Euro ist ein Weg der Verwirrung und Verirrung, genauso wie Ihre Klimarettungsfantasien und unqualifizierte Massenmigration. Mein Kollege ermahnte mich, ich möge heute sanftmütig sein. Ich tat das mir Mögliche.",Unbezahlbar  volkswirtschaftlich desaströs und auf Dauer vertrags und verfassungswidrig angelegt  denn die EuroRettung vollzieht sich seit 2010 durch ständigen Bruch der Artikel   123  125  127 und 311 der EUVerträge  Fazit  Der Euro ist ein Weg der Verwirrung und Verirrung  genauso wie Ihre Klimarettungsfantasien und unqualifizierte Massenmigration  Mein Kollege ermahnte mich  ich möge heute sanftmütig sein  Ich tat das mir Mögliche,60
218,eu9_36318,Markus Buchheit,2022-02-14,"Für die Erweiterung bis 2030 wären damit 120 bis 192 Milliarden Euro zusätzliche Investitionen nötig – 120 bis 192 Milliarden Euro, die wir unseren Bürgern, die ohnehin schon unter den Strompreisen ächzen, aufbrummen wollen, weil es Ihnen im Grunde eben nicht um bezahlbare Energie geht, sondern um Megaprojekte einer kleinen Lobby, die jeden Tag kleiner wird.",Für die Erweiterung bis 2030 wären damit 120 bis 192   Milliarden Euro zusätzliche Investitionen nötig – 120 bis 192   Milliarden Euro  die wir unseren Bürgern  die ohnehin schon unter den Strompreisen ächzen  aufbrummen wollen  weil es Ihnen im Grunde eben nicht um bezahlbare Energie geht  sondern um Megaprojekte einer kleinen Lobby  die jeden Tag kleiner wird,56
219,eu9_36342,Guido Reil,2022-02-14,"Sich mit der Umsetzung von Artikel 50 der EU-Verträge zu beschäftigen, ist eine hervorragende Gelegenheit, um daran zu erinnern, wie Sie die Briten aus der EU getrieben haben. Die Briten haben keineswegs aus dem Blauen heraus entschieden, dass sie es mal wieder alleine probieren sollten, sondern Sie haben die Briten vergrault - mit Ihrer Intoleranz und mit Ihrer unerfreulichen Tendenz, alles über einen Kamm zu scheren. Sie haben es nicht ertragen, dass die Briten ein anderes Europa wollten als Sie. So wie Sie es jetzt nicht ertragen, dass die Polen und die Ungarn ein anderes Europa wollen.",Sich mit der Umsetzung von Artikel   50 der EUVerträge zu beschäftigen  ist eine hervorragende Gelegenheit  um daran zu erinnern  wie Sie die Briten aus der EU getrieben haben  Die Briten haben keineswegs aus dem Blauen heraus entschieden  dass sie es mal wieder alleine probieren sollten  sondern Sie haben die Briten vergrault  mit Ihrer Intoleranz und mit Ihrer unerfreulichen Tendenz  alles über einen Kamm zu scheren  Sie haben es nicht ertragen  dass die Briten ein anderes Europa wollten als Sie  So wie Sie es jetzt nicht ertragen  dass die Polen und die Ungarn ein anderes Europa wollen,96
220,eu9_36342,Guido Reil,2022-02-14,"Aber anstatt dass Sie etwas aus dem Brexit gelernt hätten, machen Sie genau so weiter wie zuvor und verstärken sogar noch Ihren destruktiven Kurs: Mit Ihrem aktuellen Vorgehen gegen Ungarn und Polen versuchen Sie, die demokratischen Verfassungen dieser beiden Mitgliedstaaten auszuhebeln und stellen sich provokant über den Willen dieser beiden Länder, so wie Sie sich über den Willen Deutschlands gestellt haben, als Sie gegen die Bundesrepublik wegen des Urteils des Bundesverfassungsgerichts zum Anleihenkauf-Programm der EZB ein Vertragsverletzungsverfahren eingeleitet haben. Sie überschreiten Ihre Kompetenzen und stellen das Haus der EU auf den Kopf.",Aber anstatt dass Sie etwas aus dem Brexit gelernt hätten  machen Sie genau so weiter wie zuvor und verstärken sogar noch Ihren destruktiven Kurs  Mit Ihrem aktuellen Vorgehen gegen Ungarn und Polen versuchen Sie  die demokratischen Verfassungen dieser beiden Mitgliedstaaten auszuhebeln und stellen sich provokant über den Willen dieser beiden Länder  so wie Sie sich über den Willen Deutschlands gestellt haben  als Sie gegen die Bundesrepublik wegen des Urteils des Bundesverfassungsgerichts zum AnleihenkaufProgramm der EZB ein Vertragsverletzungsverfahren eingeleitet haben  Sie überschreiten Ihre Kompetenzen und stellen das Haus der EU auf den Kopf,92
221,eu9_36365,Gunnar Beck,2022-02-14,"Frau Präsidentin! Die EU plant einen neuen EU-Migrationspakt mit schnellen Asylverfahren, neuen Zugangsrouten für Migranten, mehr Familienzusammenführung und mehr Aufnahmekapazitäten durch Umverteilung. Das heißt: Dutzende Millionen neue Migranten bis 2040, denn auch Klimawandel und das Recht auf Abtreibung sollen zu Asylgründen werden. All das, so Frau von der Leyen, wollten die Bürger. Wirklich? Nach einer von meinen ID-Kollegen und mir in Auftrag gegebenen Umfrage weiß kaum ein Viertel der EU-Bürger von den EU-Plänen. 90 Prozent wünschen daher mehr Daten über die Kosten der Migration, und 80 Prozent der Bürger glauben, Migration gefährde die innere Sicherheit, unsere nationalen Identitäten und/oder den Sozialstaat. Kaum 16 Prozent meinen, Migration sei unbedenklich. Sind Sie hier entweder von Sinnen oder wollen Sie Europa ruinieren? Entweder, oder – zu bedauern ist beides.",Frau Präsidentin  Die EU plant einen neuen EUMigrationspakt mit schnellen Asylverfahren  neuen Zugangsrouten für Migranten  mehr Familienzusammenführung und mehr Aufnahmekapazitäten durch Umverteilung  Das heißt  Dutzende Millionen neue Migranten bis 2040  denn auch Klimawandel und das Recht auf Abtreibung sollen zu Asylgründen werden  All das  so Frau von der Leyen  wollten die Bürger  Wirklich  Nach einer von meinen IDKollegen und mir in Auftrag gegebenen Umfrage weiß kaum ein Viertel der EUBürger von den EUPlänen  90   Prozent wünschen daher mehr Daten über die Kosten der Migration  und 80   Prozent der Bürger glauben  Migration gefährde die innere Sicherheit  unsere nationalen Identitäten und  oder den Sozialstaat  Kaum 16   Prozent meinen  Migration sei unbedenklich  Sind Sie hier entweder von Sinnen oder wollen Sie Europa ruinieren  Entweder  oder – zu bedauern ist beides,127
222,eu9_36411,Joachim Kuhs,2022-01-20,Und als Vater von zehn Kindern und beschenkt mit 15 Enkelkindern kann ich Ihnen das bestätigen: Das ist so. Seien Sie klug – entscheiden Sie sich für die Zukunft und stoppen Sie Macrons Initiative!,Und als Vater von zehn Kindern und beschenkt mit 15   Enkelkindern kann ich Ihnen das bestätigen  Das ist so  Seien Sie klug   – entscheiden Sie sich für die Zukunft und stoppen Sie Macrons Initiative,34
223,eu9_36511,Guido Reil,2022-01-20,"Die richtige Lösung für mich wäre es zum Beispiel, griechische Jugendliche zu motivieren, eine Ausbildung in Deutschland zu machen. Das gab es auch alles schon mal vor zehn Jahren, das Projekt hieß: The Job of my Life. Dort wurden spanische Jugendliche angeworben, um eine Ausbildung in Deutschland zu machen. Dieses Projekt ist grandios gescheitert: Fast keiner ist geblieben. Also, die Lösung kann es auf keinen Fall sein, Armutsmigranten aus aller Welt zu holen. Wir müssen die innereuropäische Mobilität der Arbeitskräfte fördern.",Die richtige Lösung für mich wäre es zum Beispiel  griechische Jugendliche zu motivieren  eine Ausbildung in Deutschland zu machen  Das gab es auch alles schon mal vor zehn Jahren  das Projekt hieß  The Job of my Life  Dort wurden spanische Jugendliche angeworben  um eine Ausbildung in Deutschland zu machen  Dieses Projekt ist grandios gescheitert  Fast keiner ist geblieben  Also  die Lösung kann es auf keinen Fall sein  Armutsmigranten aus aller Welt zu holen  Wir müssen die innereuropäische Mobilität der Arbeitskräfte fördern,81
224,eu9_36577,Jörg Meuthen,2022-01-19,"Frau Präsidentin, Herr Staatspräsident Macron! Fortschritt soll also ein großes Ziel der französischen Ratspräsidentschaft sein. Dabei ist vollkommen klar: Fortschritt und Wachstum werden nur mit einer zuverlässigen und bezahlbaren Energieversorgung generiert werden können. Das ist ein essenzieller Punkt. So ist es ausdrücklich zu begrüßen, dass Sie, Herr Staatspräsident Macron, sich im Gegensatz zu manch anderem Regierungschef der Realität stellen und sich deutlich zur modernen Kernenergie bekennen. Klimaschutz und zugleich ein gesicherter Lebensstandard lassen sich nur mit Reaktoren moderner Bauart bewerkstelligen. Das ist schlicht ein Gebot der Vernunft – wir begrüßen das ausdrücklich. Erhebliche Unvernunft indessen verbirgt sich dagegen hinter einem anderen Ihrer Vorhaben: Sie wollen Wachstum durch neue Schulden und eine groß angelegte zwischenstaatliche Umverteilung in Form gemeinsamer Anleihen schaffen.",Frau Präsidentin  Herr Staatspräsident Macron  Fortschritt soll also ein großes Ziel der französischen Ratspräsidentschaft sein  Dabei ist vollkommen klar  Fortschritt und Wachstum werden nur mit einer zuverlässigen und bezahlbaren Energieversorgung generiert werden können  Das ist ein essenzieller Punkt  So ist es ausdrücklich zu begrüßen  dass Sie  Herr Staatspräsident Macron  sich im Gegensatz zu manch anderem Regierungschef der Realität stellen und sich deutlich zur modernen Kernenergie bekennen  Klimaschutz und zugleich ein gesicherter Lebensstandard lassen sich nur mit Reaktoren moderner Bauart bewerkstelligen  Das ist schlicht ein Gebot der Vernunft   – wir begrüßen das ausdrücklich  Erhebliche Unvernunft indessen verbirgt sich dagegen hinter einem anderen Ihrer Vorhaben  Sie wollen Wachstum durch neue Schulden und eine groß angelegte zwischenstaatliche Umverteilung in Form gemeinsamer Anleihen schaffen,120
225,eu9_36577,Jörg Meuthen,2022-01-19,"Sie wollen die Maastricht-Kriterien noch weiter aufweichen, letztlich de facto abschaffen. Das ist inakzeptabel, und ich sage Ihnen, es ist makroökonomisch ein Irrweg. Ich versichere Ihnen: Mit solchen Plänen schaffen Sie kein Wachstum, keinen Fortschritt, sondern führen die EU in eine weitere Finanzkrise. Das sollten wir vermeiden.",Sie wollen die MaastrichtKriterien noch weiter aufweichen  letztlich de facto abschaffen  Das ist inakzeptabel  und ich sage Ihnen  es ist makroökonomisch ein Irrweg  Ich versichere Ihnen  Mit solchen Plänen schaffen Sie kein Wachstum  keinen Fortschritt  sondern führen die EU in eine weitere Finanzkrise  Das sollten wir vermeiden,47
226,eu9_37045,Jörg Meuthen,2021-12-15,"Drohungen, Ausgrenzung und Zwang, wie wir es alle derzeit erleben, sind gänzlich kontraproduktiv. Wer eine Impfpflicht fordert, hilft nicht bei der Pandemiebekämpfung, sondern spaltet unsere Gesellschaft weiter und tritt die Freiheitsrechte der Bürger mit Füßen. Ich sage es deutlich: Wer sich impfen lassen möchte, muss jederzeit und überall die Möglichkeit dazu haben. Wer sich dagegen entscheidet, hat das unveräußerliche Recht dazu. Deshalb sagen wir: Ja zur Eigenverantwortung, ja zur Freiheit!",Drohungen  Ausgrenzung und Zwang  wie wir es alle derzeit erleben  sind gänzlich kontraproduktiv  Wer eine Impfpflicht fordert  hilft nicht bei der Pandemiebekämpfung  sondern spaltet unsere Gesellschaft weiter und tritt die Freiheitsrechte der Bürger mit Füßen  Ich sage es deutlich  Wer sich impfen lassen möchte  muss jederzeit und überall die Möglichkeit dazu haben  Wer sich dagegen entscheidet  hat das unveräußerliche Recht dazu  Deshalb sagen wir  Ja zur Eigenverantwortung  ja zur Freiheit,70
227,eu9_37179,Gunnar Beck,2021-12-15,"Die Kommission betont, alles sei bestens, denn die deutsche Regierung habe schließlich zugestimmt. Leider hat die Kommission recht. Die Bundesregierung hat zugestimmt, Deutschland wie eine Weihnachtsgans ausnehmen zu lassen. In diesem Sinne: Frohe Weihnachten, vor allem den vielen Opfern der Lohnknechtschaft in Deutschland.",Die Kommission betont  alles sei bestens  denn die deutsche Regierung habe schließlich zugestimmt  Leider hat die Kommission recht  Die Bundesregierung hat zugestimmt  Deutschland wie eine Weihnachtsgans ausnehmen zu lassen  In diesem Sinne  Frohe Weihnachten  vor allem den vielen Opfern der Lohnknechtschaft in Deutschland,43
228,eu9_37330,Maximilian Krah,2021-12-15,"Da höre ich nichts, da sehe ich nichts. Drei verschiedene Züge im Jahr der Schiene durch Europa zu senden und ein bisschen PR für sich selbst zu machen: Das ist die EU, aber das ist keine Politik für die Schiene.",Da höre ich nichts  da sehe ich nichts  Drei verschiedene Züge im Jahr der Schiene durch Europa zu senden und ein bisschen PR für sich selbst zu machen  Das ist die EU  aber das ist keine Politik für die Schiene,40
229,eu9_37551,Markus Buchheit,2021-12-14,"B. illegaler oder straffällig gewordener Migranten zu setzen, wird nun vielmehr pauschal die Umsetzung der genannten Initiative gefordert. Das bedeutet langfristig die Einführung von Katastrophen und Klimaursachen als zusätzlichem schwammigem Asylgrund. Meine Damen und Herren, der vorliegende Bericht ist ein Wohlfühl-Zeitgeistgewäsch. Die eigentlichen Probleme humanitärer Hilfe, nämlich Hilfsgelder, die die Katastrophenopfer gar nicht erreichen, überbordende Bürokratie und im Sumpf von Hilfsorganisationen versickerte Gelder, geht er jedenfalls nicht an.",B illegaler oder straffällig gewordener Migranten zu setzen  wird nun vielmehr pauschal die Umsetzung der genannten Initiative gefordert  Das bedeutet langfristig die Einführung von Katastrophen und Klimaursachen als zusätzlichem schwammigem Asylgrund  Meine Damen und Herren  der vorliegende Bericht ist ein WohlfühlZeitgeistgewäsch  Die eigentlichen Probleme humanitärer Hilfe  nämlich Hilfsgelder  die die Katastrophenopfer gar nicht erreichen  überbordende Bürokratie und im Sumpf von Hilfsorganisationen versickerte Gelder  geht er jedenfalls nicht an,68
230,eu9_37941,Jörg Meuthen,2021-11-24,"Herr Präsident, Herr Kommissar und Vizepräsident, geschätzte Kollegen! Bereits zum 26. Mal wurden wir alle Zeugen des großen Schauspiels „Weltklimakonferenz“. Um medienwirksam darüber zu diskutieren, wie wir denn nun das Klima unserer Erde retten können, ließ sich so mancher Teilnehmer mit dem Privatjet nach Glasgow einfliegen. Doch wem sage ich das: Frau von der Leyen schätzt die Vorzüge dieses wenig klimafreundlichen Verkehrsmittels bekanntermaßen auch sehr, selbst auf lächerlich kurzen Strecken. Nun, wie lassen sich die Ergebnisse der COP 26 zusammenfassen? Die zunehmend orientierungslose Politik beugt sich Irrationalität und Panikmache der Fridays-for-Future-Kids. Einige wenige Länder wollen das Weltklima in einer beispiellosen Hybris retten, indem sie geradezu systematisch ihre Volkswirtschaften ruinieren, während der mit weitem Abstand größte Emittent der Welt, China, weiterhin überhaupt nicht daran denkt, sich einzuschränken.",Herr Präsident  Herr Kommissar und Vizepräsident  geschätzte Kollegen  Bereits zum 26   Mal wurden wir alle Zeugen des großen Schauspiels „ Weltklimakonferenz “  Um medienwirksam darüber zu diskutieren  wie wir denn nun das Klima unserer Erde retten können  ließ sich so mancher Teilnehmer mit dem Privatjet nach Glasgow einfliegen  Doch wem sage ich das  Frau von der Leyen schätzt die Vorzüge dieses wenig klimafreundlichen Verkehrsmittels bekanntermaßen auch sehr  selbst auf lächerlich kurzen Strecken  Nun  wie lassen sich die Ergebnisse der COP   26 zusammenfassen  Die zunehmend orientierungslose Politik beugt sich Irrationalität und Panikmache der FridaysforFutureKids  Einige wenige Länder wollen das Weltklima in einer beispiellosen Hybris retten  indem sie geradezu systematisch ihre Volkswirtschaften ruinieren  während der mit weitem Abstand größte Emittent der Welt  China  weiterhin überhaupt nicht daran denkt  sich einzuschränken,128
231,eu9_37941,Jörg Meuthen,2021-11-24,"Ich sage es ganz deutlich: Wir brauchen keine Panikmache, keine hundertste Klimakonferenz, keine absurden XY-Grad-Ziele, sondern wir brauchen Innovation, technischen Fortschritt und vor allem Besonnenheit, um den CO2—Ausstoß in der Tat langfristig zu reduzieren. Es sollte exemplarisch bekannt sein, welch ein technisches Meisterwerk modernste Dieselmotoren sind, wie weit diese Technik in Sachen Effizienz und Ökologie anderen Antriebstechniken überlegen ist. Es ist ein Irrsinn, diese Technologie aus politischer Willkür kaputt zu machen. Die Zukunft gehört nicht irgendwelchem ideologisch motivierten Verbotsunfug, sondern sie gehört einer klugen und vollständigen Technologieoffenheit. Der jetzige massiv subventionsgesteuerte E—Auto—Hype wird schon in zwei Jahrzehnten nur noch verständnisloses Kopfschütteln über diesen Irrtum unserer Zeit auslösen. Er ist ökonomisch, ökologisch und sogar sozial unsinnig und kontraproduktiv.",Ich sage es ganz deutlich  Wir brauchen keine Panikmache  keine hundertste Klimakonferenz  keine absurden XYGradZiele  sondern wir brauchen Innovation  technischen Fortschritt und vor allem Besonnenheit  um den CO2—Ausstoß in der Tat langfristig zu reduzieren  Es sollte exemplarisch bekannt sein  welch ein technisches Meisterwerk modernste Dieselmotoren sind  wie weit diese Technik in Sachen Effizienz und Ökologie anderen Antriebstechniken überlegen ist  Es ist ein Irrsinn  diese Technologie aus politischer Willkür kaputt zu machen  Die Zukunft gehört nicht irgendwelchem ideologisch motivierten Verbotsunfug  sondern sie gehört einer klugen und vollständigen Technologieoffenheit  Der jetzige massiv subventionsgesteuerte E—Auto—Hype wird schon in zwei Jahrzehnten nur noch verständnisloses Kopfschütteln über diesen Irrtum unserer Zeit auslösen  Er ist ökonomisch  ökologisch und sogar sozial unsinnig und kontraproduktiv,117
232,eu9_37941,Jörg Meuthen,2021-11-24,"Meine Partei und ich bekennen uns schon seit jeher zu modernster Kernkraft als Energiequelle. Und so begrüße ich es ausdrücklich, dass mehr und mehr Länder in Europa zu der Einsicht gelangen, dass wir keinesfalls auf sie verzichten können, wenn wir unseren CO2—Ausstoß senken und gleichzeitig eine zuverlässige und bezahlbare Energieversorgung sicherstellen wollen. Dafür sind neue, sichere und effizientere, nahezu vollständig rückstandsfreie Reaktoren unverzichtbar. Ein gleichzeitiger Ausstieg aus Kernkraft und Kohleverstromung, wie ihn Deutschland wahnsinnigerweise anstrebt, wird uns jedenfalls in die Katastrophe führen. Wer allen Ernstes glaubt, man könne die Energieversorgung moderner Industriestaaten allein mit Wind- und Sonnenenergie sicherstellen, hat nichts, aber auch wirklich gar nichts in der Umwelt- und Energiepolitik verloren.",Meine Partei und ich bekennen uns schon seit jeher zu modernster Kernkraft als Energiequelle  Und so begrüße ich es ausdrücklich  dass mehr und mehr Länder in Europa zu der Einsicht gelangen  dass wir keinesfalls auf sie verzichten können  wenn wir unseren CO2—Ausstoß senken und gleichzeitig eine zuverlässige und bezahlbare Energieversorgung sicherstellen wollen  Dafür sind neue  sichere und effizientere  nahezu vollständig rückstandsfreie Reaktoren unverzichtbar  Ein gleichzeitiger Ausstieg aus Kernkraft und Kohleverstromung  wie ihn Deutschland wahnsinnigerweise anstrebt  wird uns jedenfalls in die Katastrophe führen  Wer allen Ernstes glaubt  man könne die Energieversorgung moderner Industriestaaten allein mit Wind und Sonnenenergie sicherstellen  hat nichts  aber auch wirklich gar nichts in der Umwelt und Energiepolitik verloren,111
233,eu9_37975,Sylvia Limmer,2021-11-24,"Herr Präsident! Gehen wir also der Frage nach, ob das kürzlich stattgefundene Klimatreffen in Glasgow ein Erfolg war. 40 000 registrierte Teilnehmer wurden mithilfe des CO2 zusammengekarrt, dessen Eliminierung man dort beschlossen hat. CO2-Netto-Null funktioniert auf sehr absehbare Zeit eben nur auf dem Papier so richtig gut. Aber Frau von der Leyen konnte medienwirksam 1 Milliarde Euro aus dem EU-Haushalt, also das Geld der Steuerzahler, für irgendwelche globalen Wälder spendieren. Vermutlich in weiser Voraussicht als Ersatzzahlung für genau jene Wälder, die durch ihre unfähige ideologische Agrarstrategie abgeholzt und zu Agrarflächen umgewandelt werden, weil die europäische Agrarproduktion ausgelagert wird. Außerdem wurde wieder versprochen, in der EU und anderswo gedrucktes Geld großzügig zu verteilen: ab 2023 jährlich 100 Milliarden US-Dollar, und weil das bisher nicht geklappt hat, ab 2025 gleich die doppelte Summe.",Herr Präsident  Gehen wir also der Frage nach  ob das kürzlich stattgefundene Klimatreffen in Glasgow ein Erfolg war  40   000 registrierte Teilnehmer wurden mithilfe des CO2 zusammengekarrt  dessen Eliminierung man dort beschlossen hat  CO2NettoNull funktioniert auf sehr absehbare Zeit eben nur auf dem Papier so richtig gut  Aber Frau von der Leyen konnte medienwirksam 1   Milliarde Euro aus dem EUHaushalt  also das Geld der Steuerzahler  für irgendwelche globalen Wälder spendieren  Vermutlich in weiser Voraussicht als Ersatzzahlung für genau jene Wälder  die durch ihre unfähige ideologische Agrarstrategie abgeholzt und zu Agrarflächen umgewandelt werden  weil die europäische Agrarproduktion ausgelagert wird  Außerdem wurde wieder versprochen  in der EU und anderswo gedrucktes Geld großzügig zu verteilen  ab 2023 jährlich 100   Milliarden USDollar  und weil das bisher nicht geklappt hat  ab 2025 gleich die doppelte Summe,131
234,eu9_37975,Sylvia Limmer,2021-11-24,"BMW und Volkswagen sind der Erklärung zum Ausstieg aus den Verbrennungsmotoren bis 2035 nicht beigetreten, obwohl man weiß und nichts dagegen unternommen hat, dass genau das in der EU passieren wird. Aber es ist wohl klüger, hier die steuersubventionierten E—Autos mitzunehmen und das Geld anderswo zu investieren. Den Kohleausstieg haben China und Indien schnöde zunichte gemacht. China hat ja schon 2020 begonnen, die Kohle herunterzufahren. Dort sind dreimal mehr Kohlekraftwerke ans Netz gegangen als im Rest der Welt. Satire off. Aber ernsthaft: Warum sollte eine wirtschaftlich erfolgreiche Nation auch den ökonomischen und energiepolitischen Schwachsinn aus Brüssel nachahmen?",BMW und Volkswagen sind der Erklärung zum Ausstieg aus den Verbrennungsmotoren bis 2035 nicht beigetreten  obwohl man weiß und nichts dagegen unternommen hat  dass genau das in der EU passieren wird  Aber es ist wohl klüger  hier die steuersubventionierten E—Autos mitzunehmen und das Geld anderswo zu investieren  Den Kohleausstieg haben China und Indien schnöde zunichte gemacht  China hat ja schon 2020 begonnen  die Kohle herunterzufahren  Dort sind dreimal mehr Kohlekraftwerke ans Netz gegangen als im Rest der Welt  Satire off  Aber ernsthaft  Warum sollte eine wirtschaftlich erfolgreiche Nation auch den ökonomischen und energiepolitischen Schwachsinn aus Brüssel nachahmen,97
235,eu9_38066,Nicolaus Fest,2021-11-24,"Wenn irgendeine Firma, sagen wir, Nestlé oder Pepsi oder irgendeine andere Firma, ein Produkt auf den Markt bringen würde, an dem innerhalb von einem Jahr 48 Leute sterben würden, würden wir hier nicht darüber reden, ob wir dieses Produkt vielleicht doch in die Welt verbreiten sollten, sondern wir würden darüber reden, ob man das Management nicht in Haft nimmt. Und das würde ich auch diesem Parlament dringend mal anregen. Wir sollten über die Wirksamkeit der Impfstoffe reden und über Haftungsfragen für das Management der Impfstoffhersteller. Ich glaube, darauf sollte sich dieses Parlament konzentrieren, nicht auf die Impfung der Welt.",Wenn irgendeine Firma  sagen wir  Nestlé oder Pepsi oder irgendeine andere Firma  ein Produkt auf den Markt bringen würde  an dem innerhalb von einem Jahr 48 Leute sterben würden  würden wir hier nicht darüber reden  ob wir dieses Produkt vielleicht doch in die Welt verbreiten sollten  sondern wir würden darüber reden  ob man das Management nicht in Haft nimmt  Und das würde ich auch diesem Parlament dringend mal anregen  Wir sollten über die Wirksamkeit der Impfstoffe reden und über Haftungsfragen für das Management der Impfstoffhersteller  Ich glaube  darauf sollte sich dieses Parlament konzentrieren  nicht auf die Impfung der Welt,99
236,eu9_38111,Sylvia Limmer,2021-11-24,"Herr Präsident, verehrte Kollegen! Grundsätzlich war und ist die Energieunion der Vorstoß aus Brüssel, den Mitgliedstaaten endlich das Zepter des selbständigen nationalstaatlichen Handelns aus den Händen zu reißen. Die ursprünglichen Begründungen, nämlich die Verringerung der Energieabhängigkeit der EU zu stärken und die Versorgungssicherheit zu gewährleisten, werden durch die derzeitige politische Klimahörigkeit in ihr krasses Gegenteil verzerrt. Heute geht es um die Verwirklichung des Green Deals, und die fünf Ziele lauten: Dekarbonisierung, Dekarbonisierung, Dekarbonisierung, Dekarbonisierung und fünftens, die Verwaltung der dadurch entstandenen Strommangelwirtschaft. Per Abrakadabra—Beschluss soll der Anteil der Erneuerbaren von derzeit 19 % des Bruttostromverbrauchs auf klimaknallige 40 % in den nächsten acht Jahren erhöht werden.",Herr Präsident  verehrte Kollegen  Grundsätzlich war und ist die Energieunion der Vorstoß aus Brüssel  den Mitgliedstaaten endlich das Zepter des selbständigen nationalstaatlichen Handelns aus den Händen zu reißen  Die ursprünglichen Begründungen  nämlich die Verringerung der Energieabhängigkeit der EU zu stärken und die Versorgungssicherheit zu gewährleisten  werden durch die derzeitige politische Klimahörigkeit in ihr krasses Gegenteil verzerrt  Heute geht es um die Verwirklichung des Green Deals  und die fünf Ziele lauten  Dekarbonisierung  Dekarbonisierung  Dekarbonisierung  Dekarbonisierung und fünftens  die Verwaltung der dadurch entstandenen Strommangelwirtschaft  Per Abrakadabra—Beschluss soll der Anteil der Erneuerbaren von derzeit 19    des Bruttostromverbrauchs auf klimaknallige 40    in den nächsten acht Jahren erhöht werden,104
237,eu9_38111,Sylvia Limmer,2021-11-24,"Die Bank of America hat den Irrsinn in Zahlen berechnet: unvorstellbare 150 Billionen US—Dollar, das Doppelte des gesamten Weltbruttoinlandprodukts oder jährlich 5 Billionen US—Dollar für die nächsten 30 Jahre. Da ist die Versorgungssicherheit aber nach wie vor nicht inkludiert. Übrigens, wenn man ein energiepolitisch so übergeschnapptes Land wie mein eigenes in seinen Reihen hat, das jetzt zusätzlich zum Kohle- und dem fast vollzogenen, völlig unverständlichen Kernenergieausstieg den Gasausstieg plant, dann hilft weder Geld noch Energieunion.",Die Bank of America hat den Irrsinn in Zahlen berechnet  unvorstellbare 150   Billionen US—Dollar  das Doppelte des gesamten Weltbruttoinlandprodukts oder jährlich 5   Billionen US—Dollar für die nächsten 30   Jahre  Da ist die Versorgungssicherheit aber nach wie vor nicht inkludiert  Übrigens  wenn man ein energiepolitisch so übergeschnapptes Land wie mein eigenes in seinen Reihen hat  das jetzt zusätzlich zum Kohle und dem fast vollzogenen  völlig unverständlichen Kernenergieausstieg den Gasausstieg plant  dann hilft weder Geld noch Energieunion,75
238,eu9_38270,Sylvia Limmer,2021-11-23,"Frau Präsidentin, verehrte Kollegen! Glücklicherweise stammt der Gesetzesentwurf für die neue Gemeinsame Agrarpolitik aus dem Jahr 2018 und damit aus der Vor-Grünen-Deal-Zeit und der Zeit vor den kruden Vom-Hof-auf-den-Tisch-Narrativen – Narrative, die unsere die Versorgung sichernden Landwirte völlig zu Unrecht als angebliche Umweltbeschmutzer beschimpfen und sie gerne zu CO2-Senken mit Lebensmittelproduktion im Nebenerwerb sozusagen erzogen sähen. Trotz allergrößter Anstrengungen des Umweltausschusses und auch großer Teile des Parlaments ist es also nicht gelungen, dieses Konzept in toto umzusetzen. Gut so! Die vorliegenden Verordnungen abzulehnen, ist demnach keine Option. Dem zuzustimmen, fällt aber gleichermaßen schwer.",Frau Präsidentin  verehrte Kollegen  Glücklicherweise stammt der Gesetzesentwurf für die neue Gemeinsame Agrarpolitik aus dem Jahr 2018 und damit aus der VorGrünenDealZeit und der Zeit vor den kruden VomHofaufdenTischNarrativen – Narrative  die unsere die Versorgung sichernden Landwirte völlig zu Unrecht als angebliche Umweltbeschmutzer beschimpfen und sie gerne zu CO2Senken mit Lebensmittelproduktion im Nebenerwerb sozusagen erzogen sähen  Trotz allergrößter Anstrengungen des Umweltausschusses und auch großer Teile des Parlaments ist es also nicht gelungen  dieses Konzept in toto umzusetzen  Gut so  Die vorliegenden Verordnungen abzulehnen  ist demnach keine Option  Dem zuzustimmen  fällt aber gleichermaßen schwer,93
239,eu9_38270,Sylvia Limmer,2021-11-23,"Selbst die viel gepriesene neue Subsidiarität der Mitgliedstaaten ist eine Mogelpackung – während übrigens deutsche Steuergelder, auch die der Landwirte, EU-weit weiter munter verteilt werden. Man darf nämlich gespannt sein, was passiert, wenn sich die EU-Kommission anmaßt, einen der nationalen GAP-Strategiepläne nicht zu genehmigen.",Selbst die viel gepriesene neue Subsidiarität der Mitgliedstaaten ist eine Mogelpackung   – während übrigens deutsche Steuergelder  auch die der Landwirte  EUweit weiter munter verteilt werden  Man darf nämlich gespannt sein  was passiert  wenn sich die EUKommission anmaßt  einen der nationalen GAPStrategiepläne nicht zu genehmigen,44
240,eu9_38355,Bernhard Zimniok,2021-11-23,"Das ist politisches Versagen. Das ist politische Impotenz pur. Ganz klar: Belarus hat die Krise ausgelöst, Belarus hat diese Krise zu lösen. Besinnen Sie sich endlich und handeln Sie im Interesse der europäischen Bürger, die mehrheitlich gegen die Massenmigration sind!",Das ist politisches Versagen  Das ist politische Impotenz pur  Ganz klar  Belarus hat die Krise ausgelöst  Belarus hat diese Krise zu lösen  Besinnen Sie sich endlich und handeln Sie im Interesse der europäischen Bürger  die mehrheitlich gegen die Massenmigration sind,40
241,eu9_38439,Guido Reil,2021-11-23,"Es gab kein großes Geschrei, weil die meisten nicht begriffen haben, was Sie beschlossen haben und jetzt wollen Sie die Vorschriften und Gesetze dafür beschließen, dass es kein Zurück mehr geben wird. Sie wollen Unrecht in Recht umwandeln. Aber nicht mit der AfD und ganz sicher auch nicht mit mir!",Es gab kein großes Geschrei  weil die meisten nicht begriffen haben  was Sie beschlossen haben und jetzt wollen Sie die Vorschriften und Gesetze dafür beschließen  dass es kein Zurück mehr geben wird  Sie wollen Unrecht in Recht umwandeln  Aber nicht mit der AfD und ganz sicher auch nicht mit mir,50
242,eu9_38479,Maximilian Krah,2021-11-23,"Wenn wir Wohlstand in der Zukunft erhalten wollen, geht es nur, wenn wir unsere geistigen Kapazitäten ausbauen und wenn wir geistiges Eigentum, Erfindergeist schützen und ihnen auch einen wirtschaftlichen Wert zuwidmen. Kommunismus, alles kostenlos für jedermann, führt nicht zu Wohlstand und Handel, sondern zu Armut. Und aus diesem Grunde können wir nur dann zustimmen, wenn die TRIPS herausfallen.",Wenn wir Wohlstand in der Zukunft erhalten wollen  geht es nur  wenn wir unsere geistigen Kapazitäten ausbauen und wenn wir geistiges Eigentum  Erfindergeist schützen und ihnen auch einen wirtschaftlichen Wert zuwidmen  Kommunismus  alles kostenlos für jedermann  führt nicht zu Wohlstand und Handel  sondern zu Armut  Und aus diesem Grunde können wir nur dann zustimmen  wenn die TRIPS herausfallen,58
243,eu9_38546,Nicolaus Fest,2021-11-22,"Und dass man jetzt die Sozialversicherungsdaten aller europäischen Mitbürger auch noch in anderen Ländern sozusagen frei flottierbar macht, das ist vielleicht nicht der Weisheit letzter Schluss. Also warten wir doch erst einmal die Berichte oder Erwägungen der Europäischen Kommission ab, und dann sollten wir entscheiden, aber vorher nicht.",Und dass man jetzt die Sozialversicherungsdaten aller europäischen Mitbürger auch noch in anderen Ländern sozusagen frei flottierbar macht  das ist vielleicht nicht der Weisheit letzter Schluss  Also warten wir doch erst einmal die Berichte oder Erwägungen der Europäischen Kommission ab  und dann sollten wir entscheiden  aber vorher nicht,48
244,eu9_38879,Nicolaus Fest,2021-11-10,"Frau Präsidentin, Frau Metsola, Herr Wölken! Ich war selbst mal Journalist und habe selber ein SLAPP-Verfahren gegen mich gehabt – von dem Faschistenversteher Max Mosley.Dieses Verfahren wurde erfolgreich abgewehrt. Es hätte den Verlag ungefähr zwei Millionen gekostet. Das heißt, ich weiß, wovon ich rede. Deshalb habe ich auch viel Verständnis für diese Initiative. Aber der Vorschlag ist zwar gut gemeint, aber er ist leider schlecht gemacht, denn es gibt zu viele inhaltliche Festlegungen und Verweise auf ideologische Gummibegriffe wie LGBTI, Klimawandel oder Hate Speech. Wir wissen genau, was passieren wird: Klagen gegen Journalisten, die exzessive Minderheitenrechte, Klimahysterie oder linke Identitätspolitik verteidigen, werden unterstützt. Wer dies kritisiert, wird es nicht. Sie versuchen, die Meinungsfreiheit zu schützen. Das ist aller Ehren wert. Aber ich fürchte, Sie werden das Gegenteil erreichen.",Frau Präsidentin  Frau Metsola  Herr Wölken  Ich war selbst mal Journalist und habe selber ein SLAPPVerfahren gegen mich gehabt – von dem Faschistenversteher Max Mosley  Dieses Verfahren wurde erfolgreich abgewehrt  Es hätte den Verlag ungefähr zwei Millionen gekostet  Das heißt  ich weiß  wovon ich rede  Deshalb habe ich auch viel Verständnis für diese Initiative  Aber der Vorschlag ist zwar gut gemeint  aber er ist leider schlecht gemacht  denn es gibt zu viele inhaltliche Festlegungen und Verweise auf ideologische Gummibegriffe wie LGBTI  Klimawandel oder Hate Speech  Wir wissen genau  was passieren wird  Klagen gegen Journalisten  die exzessive Minderheitenrechte  Klimahysterie oder linke Identitätspolitik verteidigen  werden unterstützt  Wer dies kritisiert  wird es nicht  Sie versuchen  die Meinungsfreiheit zu schützen  Das ist aller Ehren wert  Aber ich fürchte  Sie werden das Gegenteil erreichen,129
245,eu9_39044,Nicolaus Fest,2021-10-21,"Auch wirtschaftlich ist der Westbalkan im Übrigen völlig uninteressant. Insofern ist es ein Schwachsinnsprojekt. Und wenn ich jetzt höre, noch einmal 3,3 Milliarden, lieber Herr McAllister, dann kann ich nur sagen: 3,3 Milliarden sind auch hier vergeudet. Und das sind meistens 3,3 Milliarden deutsche Steuergelder.",Auch wirtschaftlich ist der Westbalkan im Übrigen völlig uninteressant  Insofern ist es ein Schwachsinnsprojekt  Und wenn ich jetzt höre  noch einmal 33   Milliarden  lieber Herr McAllister  dann kann ich nur sagen  33   Milliarden sind auch hier vergeudet  Und das sind meistens 33   Milliarden deutsche Steuergelder,45
246,eu9_39062,Bernhard Zimniok,2021-10-21,"Wollen Sie jetzt Ihre faschistischen Methoden, die letztlich in der Ausgrenzung von Millionen gesunder Menschen münden, noch anderen Ländern als Wertemodell verkaufen? Die eingeführten Regeln sind schlicht ein Verbrechen an unserer Bevölkerung, und das wollen wir auch noch am Balkan einführen! Das darf so nicht weitergehen und das muss aufhören, und zwar jetzt.",Wollen Sie jetzt Ihre faschistischen Methoden  die letztlich in der Ausgrenzung von Millionen gesunder Menschen münden  noch anderen Ländern als Wertemodell verkaufen  Die eingeführten Regeln sind schlicht ein Verbrechen an unserer Bevölkerung  und das wollen wir auch noch am Balkan einführen  Das darf so nicht weitergehen und das muss aufhören  und zwar jetzt,53
247,eu9_39093,Joachim Kuhs,2021-10-21,"In Griechenland ist es noch schlimmer: Da wird nur einer von 7 000 Anträgen zurückgeführt. Wie kann das sein? Da sind Dinge im Argen, und wir schlagen lieber auf Polen oder Ungarn oder andere ein, als dass wir uns um die eigentlichen Erledigungen der Einhaltung der Regeln kümmern.",In Griechenland ist es noch schlimmer  Da wird nur einer von 7   000 Anträgen zurückgeführt  Wie kann das sein  Da sind Dinge im Argen  und wir schlagen lieber auf Polen oder Ungarn oder andere ein  als dass wir uns um die eigentlichen Erledigungen der Einhaltung der Regeln kümmern,48
248,eu9_39175,Joachim Kuhs,2021-10-20,"Stoppen Sie die Corona-Maßnahmen und beenden Sie die Spaltung der Gesellschaft in Geimpfte und Ungeimpfte. Geben Sie Freiheit, Sire!",Stoppen Sie die CoronaMaßnahmen und beenden Sie die Spaltung der Gesellschaft in Geimpfte und Ungeimpfte  Geben Sie Freiheit  Sire,19
249,eu9_39239,Sylvia Limmer,2021-10-20,"Herr Präsident! In zwei Wochen treffen sich wieder Politiker und eine sich stetig vermehrende selbsternannte Klimaelite, um die selbst ausgerufenen Katastrophen mit Worten und viel Geld zu bekämpfen. In einem unvergleichbaren, irren Reisespektakel kommt man mithilfe des bösen CO2 – welches man selbstredend dort ganz gerne verbieten würde – aus aller Herren Länder zusammen. Man maßregelt die Bürger, sei es bei der Fortbewegung, dem Wohnen, neuerdings sogar beim Essen und – nicht zu vergessen – beim neuen grünen Denken. Aber haben Sie sich irgendwann einmal gefragt, mit welchem Recht Sie sich einbilden, Ihr Anliegen und Ihre angeblich unaufschiebbare Reisetätigkeit sei wichtiger als die Fahrt zur Arbeit eines Vaters, einer Mutter, die übrigens Ihr Anliegen und Ihre Reise finanzieren? In Glasgow werden Ihnen 240 tonnenschwere elektrische Super-SUVs zur Verfügung stehen, damit sie sich besser fühlen.",Herr Präsident  In zwei Wochen treffen sich wieder Politiker und eine sich stetig vermehrende selbsternannte Klimaelite  um die selbst ausgerufenen Katastrophen mit Worten und viel Geld zu bekämpfen  In einem unvergleichbaren  irren Reisespektakel kommt man mithilfe des bösen CO2   – welches man selbstredend dort ganz gerne verbieten würde   – aus aller Herren Länder zusammen  Man maßregelt die Bürger  sei es bei der Fortbewegung  dem Wohnen  neuerdings sogar beim Essen und   – nicht zu vergessen   – beim neuen grünen Denken  Aber haben Sie sich irgendwann einmal gefragt  mit welchem Recht Sie sich einbilden  Ihr Anliegen und Ihre angeblich unaufschiebbare Reisetätigkeit sei wichtiger als die Fahrt zur Arbeit eines Vaters  einer Mutter  die übrigens Ihr Anliegen und Ihre Reise finanzieren  In Glasgow werden Ihnen 240 tonnenschwere elektrische SuperSUVs zur Verfügung stehen  damit sie sich besser fühlen,134
250,eu9_39239,Sylvia Limmer,2021-10-20,"Leider fehlen die Ladesäulen, weshalb Generatoren herangekarrt werden, die mit hydrogeniertem Frittenfett betrieben werden sollen – so jedenfalls der Plan. Vor zwei Jahren in Madrid: hinter riesigen Messehallen containerweise Müllberge, in denen zuvor Ihr Woke-Klimaessen eingewickelt war. Ihre Pippi-Langstrumpf-Klimawelt scheitert schlicht an schnöden Realitäten, beschert dem Steuerzahler aber Rekordpreise, die Sie wenig scheren. Der Fahrdienst erledigt schließlich das Tanken. Es wird Zeit, dass Sie von Ihrem eigenem Gift kosten. Bleiben Sie zu Hause, schalten Sie die Heizung ab und ernähren Sie sich vegan von heimischen Feldfrüchten, die woke bei Mondlicht geerntet wurden. Das wäre ein Anfang – statt in Glasgow weiter Steuergelder in Milliardenhöhe in der Welt zu verteilen.",Leider fehlen die Ladesäulen  weshalb Generatoren herangekarrt werden  die mit hydrogeniertem Frittenfett betrieben werden sollen   – so jedenfalls der Plan  Vor zwei Jahren in Madrid  hinter riesigen Messehallen containerweise Müllberge  in denen zuvor Ihr WokeKlimaessen eingewickelt war  Ihre PippiLangstrumpfKlimawelt scheitert schlicht an schnöden Realitäten  beschert dem Steuerzahler aber Rekordpreise  die Sie wenig scheren  Der Fahrdienst erledigt schließlich das Tanken  Es wird Zeit  dass Sie von Ihrem eigenem Gift kosten  Bleiben Sie zu Hause  schalten Sie die Heizung ab und ernähren Sie sich vegan von heimischen Feldfrüchten  die woke bei Mondlicht geerntet wurden  Das wäre ein Anfang   – statt in Glasgow weiter Steuergelder in Milliardenhöhe in der Welt zu verteilen,109
251,eu9_39311,Nicolaus Fest,2021-10-20,"Allein in Berlin wurden ungefähr 30 Autos von Mitgliedern der AfD angezündet, darunter auch meines. Unsere Wohnungen werden attackiert, unsere Büros, unsere Häuser, unsere Familienangehörigen, unsere Abgeordneten. Reaktion in jedem Fall: null. Und deshalb, Frau Dalli, hier mal ein klarer Arbeitsauftrag: Wachen Sie endlich auf! Tun Sie etwas gegen den mörderischen Linksextremismus! Das wäre endlich mal eine vernünftige Aufgabe für Sie.",Allein in Berlin wurden ungefähr 30   Autos von Mitgliedern der AfD angezündet  darunter auch meines  Unsere Wohnungen werden attackiert  unsere Büros  unsere Häuser  unsere Familienangehörigen  unsere Abgeordneten  Reaktion in jedem Fall  null  Und deshalb  Frau Dalli  hier mal ein klarer Arbeitsauftrag  Wachen Sie endlich auf  Tun Sie etwas gegen den mörderischen Linksextremismus  Das wäre endlich mal eine vernünftige Aufgabe für Sie,61
252,eu9_39327,Sylvia Limmer,2021-10-20,"Frau Präsidentin! Nach CO2 werden also die Methanemissionen angegangen, die – so der vorliegende Bericht – das zweitwichtigste Treibhausgas seien. Als Quellen werden ganz klar die Landwirtschaft mit 40 %, die fossilen Brennstoffe mit 35 % und die Abfallwirtschaft mit 20 % genannt. Da nach grünem Selbstverständnis ein Ende der fossilen Energieträger aufgrund der CO2-Emissionen möglichst gestern eh beschlossener Konsens ist, bleiben noch zwei Stellschrauben: Die Landwirtschaft – explizit die Viehhaltung – und die Stickstoffdüngung seien die Hauptquellen. Die Lösungsansätze bleiben dennoch vage: vegane Ernährung, die Nutzung irgendwelcher Rückstände in Biogasanlagen – Dung gäbe es in der idealen veganen Welt nicht mehr – und dass „in einer Bioökonomie neue Fertigkeiten und neues Wissen“ irgendwie vom Klimahimmel fielen. Den Stickstoffdünger bräuchte man übrigens in einer veganen Welt mehr denn je. Es mag ja stimmen, dass 53 % der Methanemissionen in der EU aus der Landwirtschaft stammen.",Frau Präsidentin  Nach CO2 werden also die Methanemissionen angegangen  die   – so der vorliegende Bericht   – das zweitwichtigste Treibhausgas seien  Als Quellen werden ganz klar die Landwirtschaft mit 40     die fossilen Brennstoffe mit 35    und die Abfallwirtschaft mit 20    genannt  Da nach grünem Selbstverständnis ein Ende der fossilen Energieträger aufgrund der CO2Emissionen möglichst gestern eh beschlossener Konsens ist  bleiben noch zwei Stellschrauben  Die Landwirtschaft   – explizit die Viehhaltung   – und die Stickstoffdüngung seien die Hauptquellen  Die Lösungsansätze bleiben dennoch vage  vegane Ernährung  die Nutzung irgendwelcher Rückstände in Biogasanlagen   – Dung gäbe es in der idealen veganen Welt nicht mehr   – und dass „ in einer Bioökonomie neue Fertigkeiten und neues Wissen “ irgendwie vom Klimahimmel fielen  Den Stickstoffdünger bräuchte man übrigens in einer veganen Welt mehr denn je  Es mag ja stimmen  dass 53    der Methanemissionen in der EU aus der Landwirtschaft stammen,143
253,eu9_39327,Sylvia Limmer,2021-10-20,"Aber nur 5 % der weltweiten Emissionen stammen aus der EU, und damit beträgt der Anteil der landwirtschaftlichen Methanemissionen aus der EU global gesehen also nur 2,6 %. Selbst wenn Sie auf der Stelle komplett auf die Nahrungsaufnahme verzichten, werden Sie die Welt nicht retten. Das ist die schlechte Botschaft. Die gute Nachricht ist – zumindest für mich –, dass über 6,5 Milliarden Menschen auf der Erde nicht von ihrer lächerlichen EU-Verbotspolitik betroffen sind.",Aber nur 5    der weltweiten Emissionen stammen aus der EU  und damit beträgt der Anteil der landwirtschaftlichen Methanemissionen aus der EU global gesehen also nur 26     Selbst wenn Sie auf der Stelle komplett auf die Nahrungsaufnahme verzichten  werden Sie die Welt nicht retten  Das ist die schlechte Botschaft  Die gute Nachricht ist   – zumindest für mich   –  dass über 65   Milliarden Menschen auf der Erde nicht von ihrer lächerlichen EUVerbotspolitik betroffen sind,72
254,eu9_39509,Maximilian Krah,2021-10-19,"Aber dieses Europa ist nicht das Europa der Verträge, und es ist nicht das Europa, das die Menschen wollen – weder in Polen noch sonst wo. Deshalb, weil Sie Historiker sind: Polen hat 1683 vor Wien schon einmal Europa gerettet. Bleiben Sie stark, retten Sie die Souveränität der Nationalstaaten und retten Sie damit Europa erneut.",Aber dieses Europa ist nicht das Europa der Verträge  und es ist nicht das Europa  das die Menschen wollen   – weder in Polen noch sonst wo  Deshalb  weil Sie Historiker sind  Polen hat 1683 vor Wien schon einmal Europa gerettet  Bleiben Sie stark  retten Sie die Souveränität der Nationalstaaten und retten Sie damit Europa erneut,55
255,eu9_39659,Joachim Kuhs,2021-10-19,"Was antworten Sie Ihren Enkelkindern? Wie erklären Sie ihnen die gigantischen Kosten für den Grünen Deal, der derzeit in den Flammen von Kohle und russischem Gas verbrennt? Wie erklären Sie ihnen, dass wir Jahr für Jahr mehr Geld ausgeben für unsinnige Projekte, die unsere Kinder zurückzahlen müssen, ohne Nutznießer sein zu können? Bitte denken Sie an Ihre Kinder, und stoppen wir endlich diesen Drift in einen schuldenfinanzierten EU-Gesamthaushalt. Machen wir uns ehrlich und sichern wir die Zukunft unserer Kinder!",Was antworten Sie Ihren Enkelkindern  Wie erklären Sie ihnen die gigantischen Kosten für den Grünen Deal  der derzeit in den Flammen von Kohle und russischem Gas verbrennt  Wie erklären Sie ihnen  dass wir Jahr für Jahr mehr Geld ausgeben für unsinnige Projekte  die unsere Kinder zurückzahlen müssen  ohne Nutznießer sein zu können  Bitte denken Sie an Ihre Kinder  und stoppen wir endlich diesen Drift in einen schuldenfinanzierten EUGesamthaushalt  Machen wir uns ehrlich und sichern wir die Zukunft unserer Kinder,79
256,eu9_39866,Sylvia Limmer,2021-10-18,"Frau Präsidentin, sehr geehrte Kollegen! Die Begründung der federführenden Ausschüsse zum vorliegenden Bericht „Vom Hof auf den Tisch“ ruft dazu auf, (wörtlich) „die Agrarpolitik zum ehrgeizigsten Projekt des aktuellen Mandats“ der EU-Kommission zu machen, das da lautet: Klimaneutralität. Man plant also, die Landwirtschaft, ähnlich der Stromversorgung, an die Wand zu fahren, schwadroniert von Moral, Orientierung und davon, dass Messer und Gabel die wichtigsten Waffen im Kampf gegen den Klimawandel seien, und grämt sich natürlich gebührlich über modernen Pflanzenschutz und Düngemittel, die allesamt der menschlichen Gesundheit gefährlich würden. Keine Angst: Die Düngemittel können sich die Landwirte demnächst sowieso finanziell nicht mehr leisten.",Frau Präsidentin  sehr geehrte Kollegen  Die Begründung der federführenden Ausschüsse zum vorliegenden Bericht „ Vom Hof auf den Tisch “ ruft dazu auf   wörtlich  „ die Agrarpolitik zum ehrgeizigsten Projekt des aktuellen Mandats “ der EUKommission zu machen  das da lautet  Klimaneutralität  Man plant also  die Landwirtschaft  ähnlich der Stromversorgung  an die Wand zu fahren  schwadroniert von Moral  Orientierung und davon  dass Messer und Gabel die wichtigsten Waffen im Kampf gegen den Klimawandel seien  und grämt sich natürlich gebührlich über modernen Pflanzenschutz und Düngemittel  die allesamt der menschlichen Gesundheit gefährlich würden  Keine Angst  Die Düngemittel können sich die Landwirte demnächst sowieso finanziell nicht mehr leisten,105
257,eu9_39866,Sylvia Limmer,2021-10-18,"Und wenn man die von vielen hier so verachtete technisierte Landwirtschaft abgeschafft hat – eine einst als grüne Revolution gefeierte Landwirtschaft, die in der Lage war und noch ist, eine rapide steigende Weltbevölkerung zu ernähren –, dann, ja, dann werden auch ihre klimakämpferischen Messer und Gabeln einfach auf leere Teller treffen.",Und wenn man die von vielen hier so verachtete technisierte Landwirtschaft abgeschafft hat   – eine einst als grüne Revolution gefeierte Landwirtschaft  die in der Lage war und noch ist  eine rapide steigende Weltbevölkerung zu ernähren   –  dann  ja  dann werden auch ihre klimakämpferischen Messer und Gabeln einfach auf leere Teller treffen,51
258,eu9_39917,Guido Reil,2021-10-18,"Die Mehrheit dieses Hauses hat sich auf den Weg gemacht und ist anscheinend nicht aufzuhalten. Sie will den Ökosozialismus – um nichts anderes geht es als um Ökosozialismus. Und ich möchte daran erinnern: Sozialismus hat noch zu keiner Zeit und in keinem Land der Welt für Reichtum und Freiheit gesorgt, sondern immer nur für Armut und Unfreiheit.",Die Mehrheit dieses Hauses hat sich auf den Weg gemacht und ist anscheinend nicht aufzuhalten  Sie will den Ökosozialismus   – um nichts anderes geht es als um Ökosozialismus  Und ich möchte daran erinnern  Sozialismus hat noch zu keiner Zeit und in keinem Land der Welt für Reichtum und Freiheit gesorgt  sondern immer nur für Armut und Unfreiheit,57
259,eu9_40026,Nicolaus Fest,2021-10-07,"Das sollte hier irgendwann mal ins Bewusstsein einsickern. Das heißt: Wir haben eine Agentur, die mangels einer Geschäftsgrundlage eigentlich gar nicht weiß, was sie machen soll. Das ist mindestens so erfrischend wie die Auslegung der Geschäftsordnung. Es ist ein bisschen so, als würde man sich anziehen und dann in die Dusche steigen. Wie gesagt, erfrischend, aber eben auch ein bisschen idiotisch.",Das sollte hier irgendwann mal ins Bewusstsein einsickern  Das heißt  Wir haben eine Agentur  die mangels einer Geschäftsgrundlage eigentlich gar nicht weiß  was sie machen soll  Das ist mindestens so erfrischend wie die Auslegung der Geschäftsordnung  Es ist ein bisschen so  als würde man sich anziehen und dann in die Dusche steigen  Wie gesagt  erfrischend  aber eben auch ein bisschen idiotisch,61
260,eu9_40040,Bernhard Zimniok,2021-10-07,"Die Abschiebeagentur könnte die Logistik und Organisation von Rückführungen übernehmen. So würde man wirkungsvoll die Interessen der eigenen Bevölkerung vertreten, aber nicht mit der geplanten Asylagentur. Diese ist nur Teil der geplanten für Europa zerstörerischen Migrationspolitik.",Die Abschiebeagentur könnte die Logistik und Organisation von Rückführungen übernehmen  So würde man wirkungsvoll die Interessen der eigenen Bevölkerung vertreten  aber nicht mit der geplanten Asylagentur  Diese ist nur Teil der geplanten für Europa zerstörerischen Migrationspolitik,36
261,eu9_40185,Jörg Meuthen,2021-10-06,"Frau Präsidentin, werte Kollegen! Bekommen Sie das in unseren wohlklimatisierten Brüsseler Glastempeln überhaupt noch mit? Millionen Menschen in der EU haben Angst vor dem kommenden Winter. Und diese Angst hat konkrete Gründe. Bereits im vergangenen kalten und schneereichen Winter konnten Millionen Bürger es sich nicht mehr leisten, normal zu heizen. Nicht wenige saßen frierend in unbeheizten Behausungen, weil sie die Energiepreise nicht mehr bezahlen konnten. Diese nicht hinnehmbare Situation droht sich nun nochmals weiter zu verschärfen. In Deutschland sind die Heizkosten im September im Vergleich zum Vorjahresmonat um 33 Prozent gestiegen. Die Strompreise steigen weiter astronomisch, und die gegenwärtige Energiekrise ist, um es klar zu sagen, vorwiegend politisch verschuldet. Diese Krise ist das Ergebnis der desaströsen Energiepolitik der EU und der nationalen Regierungen.",Frau Präsidentin  werte Kollegen  Bekommen Sie das in unseren wohlklimatisierten Brüsseler Glastempeln überhaupt noch mit  Millionen Menschen in der EU haben Angst vor dem kommenden Winter  Und diese Angst hat konkrete Gründe  Bereits im vergangenen kalten und schneereichen Winter konnten Millionen Bürger es sich nicht mehr leisten  normal zu heizen  Nicht wenige saßen frierend in unbeheizten Behausungen  weil sie die Energiepreise nicht mehr bezahlen konnten  Diese nicht hinnehmbare Situation droht sich nun nochmals weiter zu verschärfen  In Deutschland sind die Heizkosten im September im Vergleich zum Vorjahresmonat um 33   Prozent gestiegen  Die Strompreise steigen weiter astronomisch  und die gegenwärtige Energiekrise ist  um es klar zu sagen  vorwiegend politisch verschuldet  Diese Krise ist das Ergebnis der desaströsen Energiepolitik der EU und der nationalen Regierungen,123
262,eu9_40185,Jörg Meuthen,2021-10-06,"Rund drei Viertel des Strompreises werden in Deutschland allein durch Steuern, Umlagen und Netzentgelte bestimmt. Im Zuge der sogenannten Energiewende werden die Preise dabei mit voller Absicht künstlich verteuert – zu Klimaschutzzwecken! Da seien solche Opfer eben unvermeidbar – Opfer, die die Entscheidungsträger selbst freilich kaum betreffen. Und so steuern wir auf einen dunklen und kalten Winter für Millionen Europäer zu. Liebe Kollegen unseres wohltemperierten Plenums, ich unterbreite Ihnen einen Vorschlag: Seien wir diesen Winter doch einmal klimaschützend vorbildlich und solidarisch. Stellen wir das Heizen aller Parlamentsräumlichkeiten von November bis März doch einfach einmal ein, um selbst einen Eindruck zu bekommen, wie sich die vom Volk erwarteten Opfer konkret anfühlen. Na, verehrte Grün-innen und versammelte Klimaretter-Bürokraten, wie wäre das wohl?",Rund drei Viertel des Strompreises werden in Deutschland allein durch Steuern  Umlagen und Netzentgelte bestimmt  Im Zuge der sogenannten Energiewende werden die Preise dabei mit voller Absicht künstlich verteuert – zu Klimaschutzzwecken  Da seien solche Opfer eben unvermeidbar – Opfer  die die Entscheidungsträger selbst freilich kaum betreffen  Und so steuern wir auf einen dunklen und kalten Winter für Millionen Europäer zu  Liebe Kollegen unseres wohltemperierten Plenums  ich unterbreite Ihnen einen Vorschlag  Seien wir diesen Winter doch einmal klimaschützend vorbildlich und solidarisch  Stellen wir das Heizen aller Parlamentsräumlichkeiten von November bis März doch einfach einmal ein  um selbst einen Eindruck zu bekommen  wie sich die vom Volk erwarteten Opfer konkret anfühlen  Na  verehrte Grüninnen und versammelte KlimaretterBürokraten  wie wäre das wohl,120
263,eu9_40199,Guido Reil,2021-10-06,"Frau Präsidentin, liebe Kolleginnen und Kollegen! Wir sprechen heute über ein völlig neues Phänomen: über Energiearmut. Vollkommen zu Recht: Wir erleben gerade, dass die Kraftstoff- und Heizkosten explodieren. Im letzten Winter waren 30 Millionen Europäer in kalten Wohnungen, und für diesen Winter steht uns noch Schlimmeres bevor. Und was will die EU tun? Sie will wieder einmal über einen Fonds Hunderte von Milliarden an die Bedürftigen verteilen – Geld, das natürlich wieder erzeugt wird, um die Probleme zu lösen, die sie selbst geschaffen hat. Denn es ist der Green Deal. Der Green Deal ist verantwortlich für die Probleme. Und was wir jetzt erleben, ist nur die Spitze des Eisbergs. Die Tonne CO2 wird jetzt gerade mal mit 25 Euro bepreist. Wenn wir die Ziele umsetzen wollen, müssen es mindestens 150 Euro sein. Das wird zu einer Explosion der Preise führen. Deswegen in aller Deutlichkeit: Der Green Deal ist das Ende des sozialen Friedens und des Wohlstands in Europa.",Frau Präsidentin  liebe Kolleginnen und Kollegen  Wir sprechen heute über ein völlig neues Phänomen  über Energiearmut  Vollkommen zu Recht  Wir erleben gerade  dass die Kraftstoff und Heizkosten explodieren  Im letzten Winter waren 30   Millionen Europäer in kalten Wohnungen  und für diesen Winter steht uns noch Schlimmeres bevor  Und was will die EU tun  Sie will wieder einmal über einen Fonds Hunderte von Milliarden an die Bedürftigen verteilen – Geld  das natürlich wieder erzeugt wird  um die Probleme zu lösen  die sie selbst geschaffen hat  Denn es ist der Green Deal  Der Green Deal ist verantwortlich für die Probleme  Und was wir jetzt erleben  ist nur die Spitze des Eisbergs  Die Tonne CO2 wird jetzt gerade mal mit 25   Euro bepreist  Wenn wir die Ziele umsetzen wollen  müssen es mindestens 150   Euro sein  Das wird zu einer Explosion der Preise führen  Deswegen in aller Deutlichkeit  Der Green Deal ist das Ende des sozialen Friedens und des Wohlstands in Europa,158
264,eu9_40199,Guido Reil,2021-10-06,"Frau von der Leyen sagte dazu, es wäre eine noble Aufgabe. Diese noble Aufgabe, dieses warme Gefühl im Herzen, die Welt vor dem Klimawandel zu retten – Frau von der Leyen kann es sich leisten, nur die allermeisten Europäer leider nicht. Frau von der Leyen sprach auch davon, dass der Green Deal so etwas wie die Mondlandung ist. Also ich möchte daran erinnern: Auf dem Mond leben keine Menschen. Und auf dem Mond ist es eiskalt. Also ich wünsche Frau von der Leyen viel Glück bei ihrer Mondlandung. Und, Frau von der Leyen, nehmen Sie bitte die Kommission und das Europäische Parlament mit auf Ihre Reise zum Mond. Denn genau da gehören Sie hin, um kein Unheil mehr anzurichten für die Menschen hier.",Frau von der Leyen sagte dazu  es wäre eine noble Aufgabe  Diese noble Aufgabe  dieses warme Gefühl im Herzen  die Welt vor dem Klimawandel zu retten – Frau von der Leyen kann es sich leisten  nur die allermeisten Europäer leider nicht  Frau von der Leyen sprach auch davon  dass der Green Deal so etwas wie die Mondlandung ist  Also ich möchte daran erinnern  Auf dem Mond leben keine Menschen  Und auf dem Mond ist es eiskalt  Also ich wünsche Frau von der Leyen viel Glück bei ihrer Mondlandung  Und  Frau von der Leyen  nehmen Sie bitte die Kommission und das Europäische Parlament mit auf Ihre Reise zum Mond  Denn genau da gehören Sie hin  um kein Unheil mehr anzurichten für die Menschen hier,123
265,eu9_40205,Sylvia Limmer,2021-10-06,"Frau Präsidentin, verehrte Kollegen! Empfinden Sie nicht auch die schräge Komik, dass ausgerechnet hier über steigende Preise und Energiearmut gesprochen wird? Ist es doch ausgerechnet die Kommission mit ihrer völlig verqueren Politik, mit einer unwirtschaftlichen Erneuerbare-Energien—Ideologie, einer Null-Schadstoff-Träumerei und einer aus allen Fugen geratenen CO2—Bepreisung und —Reduktion – der eine überwältigende Mehrheit der EU-Abgeordneten, Sie, meine lieben Kollegen, übrigens nicht nur zustimmt, sondern sie bei jeder nur möglichen Gelegenheit ausgiebig verschlimmbessert. Ist es also genau jene pseudoöko-planwirtschaftliche Doktrin, die Auslöser und Ursache jener nun zu besprechenden Krise ist? Energiearmut im doppelten Sinn. Also die Energiearmut im wirtschaftlichen Sinn, die durch explodierende Preise entsteht, und die Energiearmut, weil Strom nicht zur Verfügung steht, ist Ihrer aller Verdienst. Ihre Lösung: Mehr Markteingriffe in einen bereits völlig deregulierten Markt.",Frau Präsidentin  verehrte Kollegen  Empfinden Sie nicht auch die schräge Komik  dass ausgerechnet hier über steigende Preise und Energiearmut gesprochen wird  Ist es doch ausgerechnet die Kommission mit ihrer völlig verqueren Politik  mit einer unwirtschaftlichen ErneuerbareEnergien—Ideologie  einer NullSchadstoffTräumerei und einer aus allen Fugen geratenen CO2—Bepreisung und — Reduktion – der eine überwältigende Mehrheit der EUAbgeordneten  Sie  meine lieben Kollegen  übrigens nicht nur zustimmt  sondern sie bei jeder nur möglichen Gelegenheit ausgiebig verschlimmbessert  Ist es also genau jene pseudoökoplanwirtschaftliche Doktrin  die Auslöser und Ursache jener nun zu besprechenden Krise ist  Energiearmut im doppelten Sinn  Also die Energiearmut im wirtschaftlichen Sinn  die durch explodierende Preise entsteht  und die Energiearmut  weil Strom nicht zur Verfügung steht  ist Ihrer aller Verdienst  Ihre Lösung  Mehr Markteingriffe in einen bereits völlig deregulierten Markt,127
266,eu9_40339,Gunnar Beck,2021-10-06,"Herr Präsident! Politiker geißeln gerne staatsschädliche Praktiken der Steuerzahler. Reden wir einmal über steuerzahlerschädliche staatliche Praktiken und Ausgaben. Die deutsche Regierung hat seit 2015 mindestens 2,5 Millionen Migranten ins Land geholt, Neugeborene von Asylbewerbern eingerechnet. Jeder unbegleitete minderjährige Migrant kostet den deutschen Steuerzahler 65 000 Euro jährlich, andere Migranten etwas weniger. Das macht insgesamt mindestens 40 bis 60 Milliarden jährlich lebenslang. Außerdem hat die EU die teuerste Währung der Welt. Der Euro kostet allein Deutschland jährlich rund 100 Milliarden Euro TARGET2-Kredite und 80 Milliarden an entgangenen Sparzinsen, vielfach teurer noch für die Klimarettung, von der nur grüne Finanzjongleure profitieren. In Ungarn zahlen Bürger 15 Prozent Flatrate auf Einkommen und Familien mit vier Kindern gar keine Steuern. In Russland erhält jede Familie mit zwei Kindern eine staatliche Zahlung zum Kauf einer Immobilie.",Herr Präsident  Politiker geißeln gerne staatsschädliche Praktiken der Steuerzahler  Reden wir einmal über steuerzahlerschädliche staatliche Praktiken und Ausgaben  Die deutsche Regierung hat seit 2015 mindestens 25   Millionen Migranten ins Land geholt  Neugeborene von Asylbewerbern eingerechnet  Jeder unbegleitete minderjährige Migrant kostet den deutschen Steuerzahler 65   000 Euro jährlich  andere Migranten etwas weniger  Das macht insgesamt mindestens 40 bis 60   Milliarden jährlich lebenslang  Außerdem hat die EU die teuerste Währung der Welt  Der Euro kostet allein Deutschland jährlich rund 100   Milliarden Euro TARGET2Kredite und 80   Milliarden an entgangenen Sparzinsen  vielfach teurer noch für die Klimarettung  von der nur grüne Finanzjongleure profitieren  In Ungarn zahlen Bürger 15   Prozent Flatrate auf Einkommen und Familien mit vier Kindern gar keine Steuern  In Russland erhält jede Familie mit zwei Kindern eine staatliche Zahlung zum Kauf einer Immobilie,131
267,eu9_40339,Gunnar Beck,2021-10-06,"All das, und dazu bekommen sie dort auch noch ein unpolitisiertes Bildungs- und Kulturwesen ohne Frühsexualisierung für Grundschüler. Das alles ist möglich außerhalb der Euro-Zone. In der Euro-Zone haben wir schuldenfinanzierte sozial degenerative Sonderprogramme.",All das  und dazu bekommen sie dort auch noch ein unpolitisiertes Bildungs und Kulturwesen ohne Frühsexualisierung für Grundschüler  Das alles ist möglich außerhalb der EuroZone  In der EuroZone haben wir schuldenfinanzierte sozial degenerative Sonderprogramme,34
268,eu9_40361,Gunnar Beck,2021-10-06,"Doch in Deutschland werden alle Hochrichter faktisch von der Regierung ernannt, Staatsanwälte sind politisch weisungsgebunden, und der öffentliche Rundfunk ist regierungsfinanziert und kontrolliert. Ich glaube, es ist an der Zeit für deutsche Zurückhaltung und das Ende der EU-Doppelmoral.",Doch in Deutschland werden alle Hochrichter faktisch von der Regierung ernannt  Staatsanwälte sind politisch weisungsgebunden  und der öffentliche Rundfunk ist regierungsfinanziert und kontrolliert  Ich glaube  es ist an der Zeit für deutsche Zurückhaltung und das Ende der EUDoppelmoral,38
269,eu9_40417,Gunnar Beck,2021-10-06,"Frau Präsidentin! Olaf Scholz, wohl der nächste deutsche Bundeskanzler, will die EU-Bankenunion durch die gemeinsame Einlagensicherung EDIS vollenden. Damit sollen auch nordeuropäische Sparer marode Banken in der gesamten Eurozone retten und sanieren. Nach dem Brexit zahlt Deutschland bereits jährlich rund 45 Milliarden Euro an die EU. Hinzu kommen rund 100 Milliarden TARGET2-Kredite an die Euro-Zone und rund 80 Milliarden Euro Enteignung der Sparer durch Negativzinsen der EZB und steigende Inflation. Und die sogenannte gemeinsame Asylpolitik, deren Regeln jeder missachtet, kostet die Deutschen gleich noch mal 40 bis 60 Milliarden Euro jedes Jahr. Dazu kommen dann noch die wahnwitzigen Kosten der Klimarettung. Nirgends sind die lohnbezogenen Abgaben höher als in Deutschland – außer vielleicht in Belgien –, nirgends die indigene Geburtenrate niedriger und die Menschen älter als in Deutschland, Italien und Japan.",Frau Präsidentin  Olaf Scholz  wohl der nächste deutsche Bundeskanzler  will die EUBankenunion durch die gemeinsame Einlagensicherung EDIS vollenden  Damit sollen auch nordeuropäische Sparer marode Banken in der gesamten Eurozone retten und sanieren  Nach dem Brexit zahlt Deutschland bereits jährlich rund 45 Milliarden Euro an die EU  Hinzu kommen rund 100 Milliarden TARGET2Kredite an die EuroZone und rund 80   Milliarden Euro Enteignung der Sparer durch Negativzinsen der EZB und steigende Inflation  Und die sogenannte gemeinsame Asylpolitik  deren Regeln jeder missachtet  kostet die Deutschen gleich noch mal 40 bis 60 Milliarden Euro jedes Jahr  Dazu kommen dann noch die wahnwitzigen Kosten der Klimarettung  Nirgends sind die lohnbezogenen Abgaben höher als in Deutschland – außer vielleicht in Belgien   –  nirgends die indigene Geburtenrate niedriger und die Menschen älter als in Deutschland  Italien und Japan,131
270,eu9_40417,Gunnar Beck,2021-10-06,"Und nirgends sind die Strompreise höher als in Deutschland – Tendenz immer weiter steigend. Sie verhalten sich hier, als wären wir im Schlaraffenland. Denn die deutsche Regierung wähnt sich wirtschaftlich allmächtig wie die USA nach 1945 und verpulvert das Geld für größenwahnsinnige Währungs-, Finanz-, Migrations- und Klimaprojekte, die scheitern müssen, weil sie gegen die Weltordnung und Vernunft sind. Wen die Götter zerstören wollen, den machen sie zuerst wahnsinnig. Und so seien Sie gewiss: Wird die deutsche Kreditwürdigkeit erst einmal herabgestuft, dann ist es vorbei mit Ihren Ablassbriefen, Gesellschaftsexperimenten, Bankenrettungen und Ihrem Weltrettungswahnsinn!",Und nirgends sind die Strompreise höher als in Deutschland – Tendenz immer weiter steigend  Sie verhalten sich hier  als wären wir im Schlaraffenland  Denn die deutsche Regierung wähnt sich wirtschaftlich allmächtig wie die USA nach 1945 und verpulvert das Geld für größenwahnsinnige Währungs  Finanz  Migrations und Klimaprojekte  die scheitern müssen  weil sie gegen die Weltordnung und Vernunft sind  Wen die Götter zerstören wollen  den machen sie zuerst wahnsinnig  Und so seien Sie gewiss  Wird die deutsche Kreditwürdigkeit erst einmal herabgestuft  dann ist es vorbei mit Ihren Ablassbriefen  Gesellschaftsexperimenten  Bankenrettungen und Ihrem Weltrettungswahnsinn,92
271,eu9_40497,Maximilian Krah,2021-10-05,"Leider haben wir hier einen rein ideologischen Bericht, der außenpolitische und außenhandelspolitische Beziehungen ideologisieren will, anstatt sie fit zu machen für eine Welt, in der es eben mehrere Pole gibt, die nicht westlich sind – was wir anerkennen sollten.",Leider haben wir hier einen rein ideologischen Bericht  der außenpolitische und außenhandelspolitische Beziehungen ideologisieren will  anstatt sie fit zu machen für eine Welt  in der es eben mehrere Pole gibt  die nicht westlich sind – was wir anerkennen sollten,39
272,eu9_40925,Christine Anderson,2021-10-04,"Das EU-Parlament wird Ihnen sicherlich auch im nächsten Jahr wieder in zelebrierten Betroffenheitsreden darlegen, wie es Sie nicht zu schützen gedenkt.",Das EUParlament wird Ihnen sicherlich auch im nächsten Jahr wieder in zelebrierten Betroffenheitsreden darlegen  wie es Sie nicht zu schützen gedenkt,21
273,eu9_41085,Maximilian Krah,2021-09-16,"Treten Sie in Dialog, aber hören Sie auf, verlässliche Partner und vor allen Dingen auch Länder in der islamischen Welt, die wirksam dem Islamismus entgegentreten und eine islamische Alternative dazu anzubieten haben, hier in einer Art und Weise abzukanzeln, die nichts anderes als Ablehnung von der anderen Seite hervorrufen wird. Kehren Sie zurück zur Diplomatie, und hören Sie auf, Lehrmeister des Rechts der Welt zu sein!",Treten Sie in Dialog  aber hören Sie auf  verlässliche Partner und vor allen Dingen auch Länder in der islamischen Welt  die wirksam dem Islamismus entgegentreten und eine islamische Alternative dazu anzubieten haben  hier in einer Art und Weise abzukanzeln  die nichts anderes als Ablehnung von der anderen Seite hervorrufen wird  Kehren Sie zurück zur Diplomatie  und hören Sie auf  Lehrmeister des Rechts der Welt zu sein,66
274,eu9_41103,Gunnar Beck,2021-09-16,"Im Juni tötete ein 24 Jahre alter Somalier, der 2015 als sogenannter Flüchtling nach Deutschland kam, drei Frauen und verletzte fünf weitere in Würzburg, in Bayern. 2019 warf ein Eritreer einen achtjährigen Jungen vor einen einfahrenden Zug in Frankfurt. Das Flüchtlingslager Kakuma ist 8 500 Kilometer vom Europäischen Parlament in Straßburg entfernt. Bevor wir hier über den Schutz afrikanischer Lesben vor somalischen und äthiopischen Migranten in Kenia debattieren, sollten wir nicht zuvor unsere eigenen Frauen und Bürger auch vor somalischen oder äthiopischen Migranten schützen? Was haben Sie hier eigentlich gegen Europäer?",Im Juni tötete ein 24   Jahre alter Somalier  der 2015 als sogenannter Flüchtling nach Deutschland kam  drei Frauen und verletzte fünf weitere in Würzburg  in Bayern  2019 warf ein Eritreer einen achtjährigen Jungen vor einen einfahrenden Zug in Frankfurt  Das Flüchtlingslager Kakuma ist 8   500 Kilometer vom Europäischen Parlament in Straßburg entfernt  Bevor wir hier über den Schutz afrikanischer Lesben vor somalischen und äthiopischen Migranten in Kenia debattieren  sollten wir nicht zuvor unsere eigenen Frauen und Bürger auch vor somalischen oder äthiopischen Migranten schützen  Was haben Sie hier eigentlich gegen Europäer,91
275,eu9_41133,Gunnar Beck,2021-09-16,"Herr Präsident! Die EU hat in der COVID-Krise versagt, nicht reüssiert. Wir hatten den größten Wirtschaftseinbruch weltweit, weil zu Anfang geschlampt wurde und dann die Lockdown-Politik umso härter war. Ostasien kam ohne umfassenden Lockdown aus. Trotz härterer Maßnahmen hat die EU zusammen mit Großbritannien und den USA die höchsten Sterbeziffern. Trotz höherer Kosten wurde also weniger erreicht. Und so ineffizient die EU war, so intransparent ist sie. Bei der Offenlegung der Verträge wurde massiv geschwärzt. Unklar bleibt beispielsweise, wieso Sanofi, das nicht liefern kann, von von der Leyen einen Vertrag und Geld bekam. Unklar ist auch, wieso Prophylaktika wie Ivermectin zu Krisenbeginn gleich verschwanden. Klar ist: Für Folgeschäden der nur bedingt zugelassenen Impfstoffe haften nicht die Unternehmen, sondern die Steuerzahler. Wir wissen, dass Geimpfte nach wie vor an COVID erkranken, vielleicht seltener und meist weniger schwer.",Herr Präsident  Die EU hat in der COVIDKrise versagt  nicht reüssiert  Wir hatten den größten Wirtschaftseinbruch weltweit  weil zu Anfang geschlampt wurde und dann die LockdownPolitik umso härter war  Ostasien kam ohne umfassenden Lockdown aus  Trotz härterer Maßnahmen hat die EU zusammen mit Großbritannien und den USA die höchsten Sterbeziffern  Trotz höherer Kosten wurde also weniger erreicht  Und so ineffizient die EU war  so intransparent ist sie  Bei der Offenlegung der Verträge wurde massiv geschwärzt  Unklar bleibt beispielsweise  wieso Sanofi  das nicht liefern kann  von von der Leyen einen Vertrag und Geld bekam  Unklar ist auch  wieso Prophylaktika wie Ivermectin zu Krisenbeginn gleich verschwanden  Klar ist  Für Folgeschäden der nur bedingt zugelassenen Impfstoffe haften nicht die Unternehmen  sondern die Steuerzahler  Wir wissen  dass Geimpfte nach wie vor an COVID erkranken  vielleicht seltener und meist weniger schwer,136
276,eu9_41149,Jörg Meuthen,2021-09-15,"Es kommt Ihnen doch sehr gelegen, dass in Deutschland eine Regierung aus roten Sozialisten, grünen Sozialisten und enteignungseuphorischen Kommunisten ante portas steht. Das dürfte Ihre Ausgaben- und Umverteilungsorgien dann noch weiter befeuern. Ihr Green Deal, Frau von der Leyen, Ihr Green Deal ist kein Deal! Ein Deal setzt das Einverständnis zweier freier Vertragspartner voraus. Sondern: Er ist ein beispielloser Angriff auf die wirtschaftlichen Grundlagen unseres Kontinents. Die EU will also im Alleingang den ganzen Planeten retten! Die Zeche für diese gigantische Hybris dürfen die Europäer da draußen bezahlen. Wir Deutschen erfahren bereits heute, was der absurde parallele Ausstieg aus Kohleverstromung und Kernenergie für die einzelnen Haushalte bedeutet. Deutschland hat schon jetzt, dank der völlig verkorksten Energiewende von Frau Merkel, die höchsten Strompreise in Europa.",Es kommt Ihnen doch sehr gelegen  dass in Deutschland eine Regierung aus roten Sozialisten  grünen Sozialisten und enteignungseuphorischen Kommunisten ante portas steht  Das dürfte Ihre Ausgaben und Umverteilungsorgien dann noch weiter befeuern  Ihr Green Deal  Frau von der Leyen  Ihr Green Deal ist kein Deal  Ein Deal setzt das Einverständnis zweier freier Vertragspartner voraus  Sondern  Er ist ein beispielloser Angriff auf die wirtschaftlichen Grundlagen unseres Kontinents  Die EU will also im Alleingang den ganzen Planeten retten  Die Zeche für diese gigantische Hybris dürfen die Europäer da draußen bezahlen  Wir Deutschen erfahren bereits heute  was der absurde parallele Ausstieg aus Kohleverstromung und Kernenergie für die einzelnen Haushalte bedeutet  Deutschland hat schon jetzt  dank der völlig verkorksten Energiewende von Frau Merkel  die höchsten Strompreise in Europa,124
277,eu9_41149,Jörg Meuthen,2021-09-15,"Immer mehr Menschen können sich den Strom, das Heizen oder das Benzin für den Weg zur Arbeit gar nicht mehr leisten. Ein bitterer Vorgeschmack für unsere Nachbarländer. Ja, hören Sie gut zu, mit dem Green Deal kommt das auf Ihre Länder auch zu, verehrte Kollegen. Frau Kommissionspräsidentin, ich sage es Ihnen in aller Deutlichkeit: Sie, die EU und ganz besonders unser Heimatland Deutschland befinden sich auf einem kapitalen und historischen Irrweg. Wenn Europa als prosperierender, wirtschaftlich erfolgreicher Kontinent erhalten bleiben und gleichzeitig Ihr Ziel einer massiven CO2-Reduktion erreicht werden soll, dann geht das weder mit planwirtschaftlichen Experimenten der EU—Kommission noch mit pseudoökologischen Ansätzen der sogenannten Grünen, die unsere Landschaft mit Tausenden von Windrädern als Sakralbauten ihrer grünen Glaubensbekenntnisse zerstören. Damit steuern wir nur auf Blackouts und auf Energierationierung zu. Sondern: Das geht parallel überhaupt nur mit Hightech.",Immer mehr Menschen können sich den Strom  das Heizen oder das Benzin für den Weg zur Arbeit gar nicht mehr leisten  Ein bitterer Vorgeschmack für unsere Nachbarländer  Ja  hören Sie gut zu  mit dem Green Deal kommt das auf Ihre Länder auch zu  verehrte Kollegen  Frau Kommissionspräsidentin  ich sage es Ihnen in aller Deutlichkeit  Sie  die EU und ganz besonders unser Heimatland Deutschland befinden sich auf einem kapitalen und historischen Irrweg  Wenn Europa als prosperierender  wirtschaftlich erfolgreicher Kontinent erhalten bleiben und gleichzeitig Ihr Ziel einer massiven CO2Reduktion erreicht werden soll  dann geht das weder mit planwirtschaftlichen Experimenten der EU—Kommission noch mit pseudoökologischen Ansätzen der sogenannten Grünen  die unsere Landschaft mit Tausenden von Windrädern als Sakralbauten ihrer grünen Glaubensbekenntnisse zerstören  Damit steuern wir nur auf Blackouts und auf Energierationierung zu  Sondern  Das geht parallel überhaupt nur mit Hightech,137
278,eu9_41234,Jörg Meuthen,2021-09-15,"Und, Frau von der Leyen, es geht auch nicht mit E-Mobilität. Befassen Sie sich wirklich einmal intensiv mit dem Ressourcenverbrauch, Sie werden sich wundern. Bei der Windenergie ist es katastrophal. Offshore geht das – im Land völlig ausgeschlossen. Sie können damit keine Energieversorgung dauerhaft sicherstellen, es ist Raubbau an der Natur. Das ist das Problem.",Und  Frau von der Leyen  es geht auch nicht mit EMobilität  Befassen Sie sich wirklich einmal intensiv mit dem Ressourcenverbrauch  Sie werden sich wundern  Bei der Windenergie ist es katastrophal  Offshore geht das – im Land völlig ausgeschlossen  Sie können damit keine Energieversorgung dauerhaft sicherstellen  es ist Raubbau an der Natur  Das ist das Problem,55
279,eu9_41254,Guido Reil,2021-09-15,"Das, was die Pflege ausmacht, der menschliche Faktor, wurde so gut es ging wegbürokratisiert und totrationalisiert. Dabei steigt der Bedarf. Die Menschen werden immer älter. Deutschland braucht Fachkräfte in der Pflege. Fast würde man sich wünschen, dass die EU eingreift. Es ist kaum vorstellbar, dass es noch schlimmer kommen könnte. Aber die EU ist nicht befugt, sich in die Sozial- und Pflegesysteme der Mitgliedstaaten einzumischen. Und so schwer es auch fällt, das zu glauben, aber es würde mit Sicherheit noch schlimmer kommen können.",Das  was die Pflege ausmacht  der menschliche Faktor  wurde so gut es ging wegbürokratisiert und totrationalisiert  Dabei steigt der Bedarf  Die Menschen werden immer älter  Deutschland braucht Fachkräfte in der Pflege  Fast würde man sich wünschen  dass die EU eingreift  Es ist kaum vorstellbar  dass es noch schlimmer kommen könnte  Aber die EU ist nicht befugt  sich in die Sozial und Pflegesysteme der Mitgliedstaaten einzumischen  Und so schwer es auch fällt  das zu glauben  aber es würde mit Sicherheit noch schlimmer kommen können,83
280,eu9_41460,Guido Reil,2021-09-15,"Wir waren es, unsere Entscheidungen, die uns zu diesen Problemen geführt haben, die jetzt die Menschen – und tatsächlich wurde das auch wieder richtig gesagt –, die Schwächsten der Schwachen ausbaden müssen, nicht die Starken, die haben profitiert in dieser Krise. Also ich fordere ganz klar: Lasst uns in Zukunft eine Politik mit Verstand machen, mit Augenmaß. Und nie mehr Lockdown!",Wir waren es  unsere Entscheidungen  die uns zu diesen Problemen geführt haben  die jetzt die Menschen – und tatsächlich wurde das auch wieder richtig gesagt –  die Schwächsten der Schwachen ausbaden müssen  nicht die Starken  die haben profitiert in dieser Krise  Also ich fordere ganz klar  Lasst uns in Zukunft eine Politik mit Verstand machen  mit Augenmaß  Und nie mehr Lockdown,61
281,eu9_41504,Sylvia Limmer,2021-09-14,"Herr Präsident! Wann sagt man den Bürgern, dass das Verbot der Verbrennungsmotoren ab 2035 das Ende der individuellen Mobilität einläuten wird? Man hat nicht vor – könnte es auch nicht –, alle PKWs durch E-Mobile zu ersetzen. Allein für den zusätzlichen Strom in Deutschland bräuchte man zwölf Kernkraftwerke, die es nie geben wird – von dem Ressourcenverbrauch einmal abgesehen. Wann sagt man dem Bürger, dass ein angebotsorientierter Strommarkt und die sogenannten smart meter bedeuten, dass Strom abgeschaltet werden wird, wenn er nicht verfügbar ist? Was ohne Speicher mit den sogenannten Erneuerbaren keine Seltenheit sein wird. Wann gesteht man den Bürgern, dass die massive CO2-Bepreisung ausnahmslos alles, alles, weil es produziert, verarbeitet und transportiert wird, verteuern wird? Energiearmut, Ihr Begriff, wird der Regel- und nicht der Ausnahmefall sein.",Herr Präsident  Wann sagt man den Bürgern  dass das Verbot der Verbrennungsmotoren ab 2035 das Ende der individuellen Mobilität einläuten wird  Man hat nicht vor – könnte es auch nicht –  alle PKWs durch EMobile zu ersetzen  Allein für den zusätzlichen Strom in Deutschland bräuchte man zwölf Kernkraftwerke  die es nie geben wird – von dem Ressourcenverbrauch einmal abgesehen  Wann sagt man dem Bürger  dass ein angebotsorientierter Strommarkt und die sogenannten smart meter bedeuten  dass Strom abgeschaltet werden wird  wenn er nicht verfügbar ist  Was ohne Speicher mit den sogenannten Erneuerbaren keine Seltenheit sein wird  Wann gesteht man den Bürgern  dass die massive CO2Bepreisung ausnahmslos alles  alles  weil es produziert  verarbeitet und transportiert wird  verteuern wird  Energiearmut  Ihr Begriff  wird der Regel und nicht der Ausnahmefall sein,127
282,eu9_41504,Sylvia Limmer,2021-09-14,"Wann, Herr Timmermans, sagen Sie den Bürgern, dass die von Ihnen geplante Zukunft eine des Verzichts, der Verbote, des Mangels, der Unfreiheit und der Besitzlosigkeit sein wird? Planwirtschaft und Sozialismus, auch mit der Vorsilbe Öko-, sind Rückschritt und Zerstörung der Freiheit, des Wohlstands, der Umwelt und der menschlichen Gemeinschaft!",Wann  Herr Timmermans  sagen Sie den Bürgern  dass die von Ihnen geplante Zukunft eine des Verzichts  der Verbote  des Mangels  der Unfreiheit und der Besitzlosigkeit sein wird  Planwirtschaft und Sozialismus  auch mit der Vorsilbe Öko  sind Rückschritt und Zerstörung der Freiheit  des Wohlstands  der Umwelt und der menschlichen Gemeinschaft,49
283,eu9_41576,Sylvia Limmer,2021-09-14,"Herr Präsident! Die verheerende Flut in Deutschland, die mehr als 180 Menschen das Leben kostete und immense Schäden in Milliardenhöhe anrichtete, ist sicher ein Extremwetterphänomen. Diese Menschen, die größtenteils noch immer auf die vielfach angekündigten unbürokratischen Hilfen warten, benötigen unser Mitgefühl, aber vor allem unsere tatkräftige und auch finanzielle Unterstützung. Extremwetter ist leider so alt wie die Menschheit, und selbst der Sonderbericht des IPCC von 2012 muss statuieren, dass hinsichtlich Überschwemmungen nicht der anthropogene Klimawandel das Problem ist. Zum selben Schluss kommt der Deutsche Wetterdienst, der keine Zunahme von Extremwetterereignissen sieht. Menschengemacht sind dagegen die Flächenversiegelung, die Begradigung von Flussläufen, die Bebauung von natürlichen Überschwemmungsgebieten, überhaupt die zunehmende ufernahe Bebauung.",Herr Präsident  Die verheerende Flut in Deutschland  die mehr als 180   Menschen das Leben kostete und immense Schäden in Milliardenhöhe anrichtete  ist sicher ein Extremwetterphänomen  Diese Menschen  die größtenteils noch immer auf die vielfach angekündigten unbürokratischen Hilfen warten  benötigen unser Mitgefühl  aber vor allem unsere tatkräftige und auch finanzielle Unterstützung  Extremwetter ist leider so alt wie die Menschheit  und selbst der Sonderbericht des IPCC von 2012 muss statuieren  dass hinsichtlich Überschwemmungen nicht der anthropogene Klimawandel das Problem ist  Zum selben Schluss kommt der Deutsche Wetterdienst  der keine Zunahme von Extremwetterereignissen sieht  Menschengemacht sind dagegen die Flächenversiegelung  die Begradigung von Flussläufen  die Bebauung von natürlichen Überschwemmungsgebieten  überhaupt die zunehmende ufernahe Bebauung,110
284,eu9_41576,Sylvia Limmer,2021-09-14,"Menschengemacht ist das Versagen der deutschen Behörden, die Warnungen nicht rechtzeitig an die Bürger weitergegeben haben. Aber all das hat nichts mit dem Wetter zu tun. Dass Sie die Toten, die Flutopfer, die, die alles verloren haben, für Ihre Klimapropaganda missbrauchen, ist erbärmlich.",Menschengemacht ist das Versagen der deutschen Behörden  die Warnungen nicht rechtzeitig an die Bürger weitergegeben haben  Aber all das hat nichts mit dem Wetter zu tun  Dass Sie die Toten  die Flutopfer  die  die alles verloren haben  für Ihre Klimapropaganda missbrauchen  ist erbärmlich,43
285,eu9_41599,Markus Buchheit,2021-09-14,"Herr Präsident, meine sehr verehrten Damen und Herren! Die Kommission hat vorhin gesagt: Aktive und praktische Solidarität sei kennzeichnend für Europa. Dieser Satz, der wird dann zum leeren Versprechen, wenn man hört, dass die finanziellen Mittel zur gegenseitigen Hilfe bereits jetzt aufgebraucht seien. Was nun für Forderungen kommen würden, das war schon beim Lesen der entsprechenden Artikel klar: den gesamten Haushalt der EU nun wiederum aufzublähen aufgrund des Klimawandels. Meine Damen und Herren, diese Forderung ist falsch. Erstens ist für viele eingetretene Schäden eben nicht nur der anonyme Klimawandel verantwortlich, sondern sehr konkrete persönliche Ignoranz einzelner Entscheider. Zweitens sollten wir den bestehenden Solidaritätsfonds im Rahmen des bestehenden Haushalts weiter stärken, indem beispielsweise Gelder aus umweltschädlichen Programmen wie der Förderung der E—Mobilität dorthin umgeleitet werden, wo sie tatsächlich einen aktiven und praktischen Nutzen haben.",Herr Präsident  meine sehr verehrten Damen und Herren  Die Kommission hat vorhin gesagt  Aktive und praktische Solidarität sei kennzeichnend für Europa  Dieser Satz  der wird dann zum leeren Versprechen  wenn man hört  dass die finanziellen Mittel zur gegenseitigen Hilfe bereits jetzt aufgebraucht seien  Was nun für Forderungen kommen würden  das war schon beim Lesen der entsprechenden Artikel klar  den gesamten Haushalt der EU nun wiederum aufzublähen aufgrund des Klimawandels  Meine Damen und Herren  diese Forderung ist falsch  Erstens ist für viele eingetretene Schäden eben nicht nur der anonyme Klimawandel verantwortlich  sondern sehr konkrete persönliche Ignoranz einzelner Entscheider  Zweitens sollten wir den bestehenden Solidaritätsfonds im Rahmen des bestehenden Haushalts weiter stärken  indem beispielsweise Gelder aus umweltschädlichen Programmen wie der Förderung der E—Mobilität dorthin umgeleitet werden  wo sie tatsächlich einen aktiven und praktischen Nutzen haben,133
286,eu9_41599,Markus Buchheit,2021-09-14,"Sollte uns das nicht gelingen, sollten wir keine ausreichenden Mittel zur Verfügung haben, um den Bürgern vor Ort zu helfen, dann riskiert die EU damit die vollständige Demaskierung. Dann heißt es nicht mehr nur too little too late, sondern too little and never.",Sollte uns das nicht gelingen  sollten wir keine ausreichenden Mittel zur Verfügung haben  um den Bürgern vor Ort zu helfen  dann riskiert die EU damit die vollständige Demaskierung  Dann heißt es nicht mehr nur too little too late  sondern too little and never,43
287,eu9_41763,Gunnar Beck,2021-09-14,"Herr Präsident! Dieser Bericht wirft Russland vor, die eigene Einflusssphäre auszubauen, die westliche liberale Demokratie zu diskreditieren, Völkerrecht und LGBT-Rechte zu missachten und, man horche, die eigenen nationalen Interessen zu verfolgen. Vielleicht ist es Teil der EU-Klimapolitik, politisch neue Eiszeiten auf den Weg zu bringen. Eine Rezeptur für bessere Beziehungen zu Russland ist der Bericht kaum. Bedenken Sie bitte: Wer assistierte der NATO seit 20 Jahren bei ihren postliberalen Kreuzzügen vom Atlantik bis zum Hindukusch? Wer finanziert westliche NGOs in Russland? Und wer intervenierte völkerrechtswidrig im Irak und in Libyen? Wer anders als die EU und ihre Mitglieder? Verglichen mit Russland allerdings ziemlich erfolglos. Afghanistan lehrt: Russland lernt aus Fehlern – die EU nimmermehr. Puhetta johti HEIDI HAUTALA varapuhemies",Herr Präsident  Dieser Bericht wirft Russland vor  die eigene Einflusssphäre auszubauen  die westliche liberale Demokratie zu diskreditieren  Völkerrecht und LGBTRechte zu missachten und  man horche  die eigenen nationalen Interessen zu verfolgen  Vielleicht ist es Teil der EUKlimapolitik  politisch neue Eiszeiten auf den Weg zu bringen  Eine Rezeptur für bessere Beziehungen zu Russland ist der Bericht kaum  Bedenken Sie bitte  Wer assistierte der NATO seit 20   Jahren bei ihren postliberalen Kreuzzügen vom Atlantik bis zum Hindukusch  Wer finanziert westliche NGOs in Russland  Und wer intervenierte völkerrechtswidrig im Irak und in Libyen  Wer anders als die EU und ihre Mitglieder  Verglichen mit Russland allerdings ziemlich erfolglos  Afghanistan lehrt  Russland lernt aus Fehlern – die EU nimmermehr  Puhetta johti HEIDI HAUTALA varapuhemies,119
288,eu9_41791,Maximilian Krah,2021-09-14,"Und auch hier gilt, dass die Menschen draußen klüger sind als wir hier im Haus, mehrheitlich: Bei Nord Stream 2 sind es drei Viertel, die nach den Umfragen für die Fertigstellung waren. Bei China sind es 78 Prozent, die nicht in einen neuen Kalten Krieg gerissen werden können – zumindest in Deutschland. Nehmen Sie sich die Wähler zum Vorbild und lassen Sie sich nicht in einen Kalten Krieg treiben!",Und auch hier gilt  dass die Menschen draußen klüger sind als wir hier im Haus  mehrheitlich  Bei Nord Stream 2 sind es drei Viertel  die nach den Umfragen für die Fertigstellung waren  Bei China sind es 78   Prozent  die nicht in einen neuen Kalten Krieg gerissen werden können – zumindest in Deutschland  Nehmen Sie sich die Wähler zum Vorbild und lassen Sie sich nicht in einen Kalten Krieg treiben,69
289,eu9_41818,Nicolaus Fest,2021-09-14,"Die aber sind Ihnen egal, statt etwas für die zu tun, geht es Ihnen nur darum, die Wege der legalen Migration noch auszuweiten und auf jede mögliche Weise die Migration zu fördern. Mit anderen Worten: Die Arbeitnehmer, vor allem die Arbeitslosen Europas, sehr geehrter Herr Sánchez, sind Ihnen, mit Verlaub gesagt, scheißegal, und das ist sehr traurig.",Die aber sind Ihnen egal  statt etwas für die zu tun  geht es Ihnen nur darum  die Wege der legalen Migration noch auszuweiten und auf jede mögliche Weise die Migration zu fördern  Mit anderen Worten  Die Arbeitnehmer  vor allem die Arbeitslosen Europas  sehr geehrter Herr Sánchez  sind Ihnen  mit Verlaub gesagt  scheißegal  und das ist sehr traurig,57
290,eu9_41863,Joachim Kuhs,2021-09-14,"Erlauben Sie daher, werte Kollegen, dass ich auf ein Problem mit den Änderungsanträgen hinweise: Die nachträgliche Bevorzugung Frankreichs wird zwischen die beiden wichtigsten Länder der EU einen Keil treiben. Wollen Sie wegen 100 Millionen Euro die freundschaftliche Beziehung der beiden Länder aufs Spiel setzen? Und Sie, liebe Kommission, wann hören Sie endlich auf, die EU mit immer neuen Umverteilungsaktivitäten zu einem europäischen Superstaat aufzupumpen? Ziehen Sie die Reißleine, bevor Ihnen die überdehnte EU um die Ohren fliegt.",Erlauben Sie daher  werte Kollegen  dass ich auf ein Problem mit den Änderungsanträgen hinweise  Die nachträgliche Bevorzugung Frankreichs wird zwischen die beiden wichtigsten Länder der EU einen Keil treiben  Wollen Sie wegen 100   Millionen Euro die freundschaftliche Beziehung der beiden Länder aufs Spiel setzen  Und Sie  liebe Kommission  wann hören Sie endlich auf  die EU mit immer neuen Umverteilungsaktivitäten zu einem europäischen Superstaat aufzupumpen  Ziehen Sie die Reißleine  bevor Ihnen die überdehnte EU um die Ohren fliegt,77
291,eu9_41898,Sylvia Limmer,2021-09-13,"Denn da weiterhin infektiöse Geimpfte für Ungeimpfte viel gefährlicher sind als andersherum, macht diese Diskriminierung auch medizinisch keinen Sinn.",Denn da weiterhin infektiöse Geimpfte für Ungeimpfte viel gefährlicher sind als andersherum  macht diese Diskriminierung auch medizinisch keinen Sinn,19
292,eu9_42045,Maximilian Krah,2021-07-08,"Aber es muss doch so passieren, dass diese Menschen in ihrer Heimat eine Perspektive haben, und zumindest in der Vergangenheit und bis heute sehen wir, dass Bangladesch eine gute Entwicklung macht und in einigen Jahren aus dem Status der ärmsten Länder aufgestiegen sein wird. Deshalb bitte ich um mehr Augenmaß und darum, auch die Interessen der Menschen in Bangladesch zu sehen, die eine weitere Entwicklungsperspektive brauchen.",Aber es muss doch so passieren  dass diese Menschen in ihrer Heimat eine Perspektive haben  und zumindest in der Vergangenheit und bis heute sehen wir  dass Bangladesch eine gute Entwicklung macht und in einigen Jahren aus dem Status der ärmsten Länder aufgestiegen sein wird  Deshalb bitte ich um mehr Augenmaß und darum  auch die Interessen der Menschen in Bangladesch zu sehen  die eine weitere Entwicklungsperspektive brauchen,66
293,eu9_42625,Joachim Kuhs,2021-07-06,"Aber es gibt auch einen unsinnigen Teil, und der hat offensichtlich die immer deutlicher werdende Absicht, hier wirklich Moral zu monopolisieren und die Mittelverwendung durch neue EU-Werte zu reglementieren. Damit sollen offensichtlich wahrhaft konservative europäische Werte wie Ehe und Familie, die gerade in Polen und Ungarn hochgehalten werden, dekonstruiert werden. Machen Sie nur weiter so! Die Bibel sagt: Was der Mensch sät, das muss er ernten. Sie spalten die EU – nicht Polen und Ungarn. Hören Sie auf damit! Wagen Sie wieder mehr europäischen Geist: mehr Europa, weniger EU.",Aber es gibt auch einen unsinnigen Teil  und der hat offensichtlich die immer deutlicher werdende Absicht  hier wirklich Moral zu monopolisieren und die Mittelverwendung durch neue EUWerte zu reglementieren  Damit sollen offensichtlich wahrhaft konservative europäische Werte wie Ehe und Familie  die gerade in Polen und Ungarn hochgehalten werden  dekonstruiert werden  Machen Sie nur weiter so  Die Bibel sagt  Was der Mensch sät  das muss er ernten  Sie spalten die EU – nicht Polen und Ungarn  Hören Sie auf damit  Wagen Sie wieder mehr europäischen Geist  mehr Europa  weniger EU,89
294,eu9_42677,Guido Reil,2021-07-06,"Die Türkei würde sich die Werte der Demokratie und der Rechtsstaatlichkeit zu eigen machen. Wie naiv kann man sein? So viele Jahre und Milliarden später ist für alle offensichtlich, dass Ihr Vorhaben gescheitert ist. Dennoch halten Sie daran fest. Das ist der eigentliche Skandal.",Die Türkei würde sich die Werte der Demokratie und der Rechtsstaatlichkeit zu eigen machen  Wie naiv kann man sein  So viele Jahre und Milliarden später ist für alle offensichtlich  dass Ihr Vorhaben gescheitert ist  Dennoch halten Sie daran fest  Das ist der eigentliche Skandal,44
295,eu9_42791,Gunnar Beck,2021-07-06,"Deshalb wollen Sie die Konvention ja auch überdenken und deren Asylgründe um Klima und Abtreibungsrecht erweitern. Denn nach der wortgetreuen Auslegung der Konvention hätten jährlich Hunderte oder einige Tausend einen wirklichen Asylgrund, Sie aber wollen Dutzende Millionen Migranten.",Deshalb wollen Sie die Konvention ja auch überdenken und deren Asylgründe um Klima und Abtreibungsrecht erweitern  Denn nach der wortgetreuen Auslegung der Konvention hätten jährlich Hunderte oder einige Tausend einen wirklichen Asylgrund  Sie aber wollen Dutzende Millionen Migranten,38
296,eu9_42905,Gunnar Beck,2021-07-05,"Während Europa dringend Investitionen benötigt, lobt der Bericht die Zunahme der Investitionen der EIB in Drittländern. Ein Land wie die Türkei, das aktiv gegen die Interessen der EU und seiner Bürger arbeitet, hat seit dem Jahr 2000 fast 30 Milliarden Euro erhalten. Das muss aufhören. Die EIB ist eine Investitionsbank, keine Wohltätigkeitsorganisation für politische Träumereien und die korrupten autokratischen Freunde von EU—Regierungsparteien.",Während Europa dringend Investitionen benötigt  lobt der Bericht die Zunahme der Investitionen der EIB in Drittländern  Ein Land wie die Türkei  das aktiv gegen die Interessen der EU und seiner Bürger arbeitet  hat seit dem Jahr   2000 fast 30   Milliarden Euro erhalten  Das muss aufhören  Die EIB ist eine Investitionsbank  keine Wohltätigkeitsorganisation für politische Träumereien und die korrupten autokratischen Freunde von EU—Regierungsparteien,62
297,eu9_42909,Christine Anderson,2021-07-05,"Herr Präsident! Ja, meine Damen und Herren: Auch im Jahr 2021 noch immer Regelungslücken im Kampf gegen Kindesmissbrauch – was für ein Armutszeugnis! Der Aktionsplan gegen Desinformation stellt zwar sicher, dass politisch unerwünschte Meinungen in den sozialen Medien zensiert werden. Eine App zeigt mir an, ob sich in meinem Umfeld eine Person aufhält, die laut einem völlig nutzlosen PCR-Test angeblich mit Corona infiziert ist. Das Recht auf Freizügigkeit habe ich nachzuweisen mit dem digitalen Impfpass. Aber Kinder vor Missbrauch zu schützen, das schafft die EU nicht. Vielleicht hoffen wir ja auch darauf, dass sich das Problem von selbst erledigt. Denn wenn die EU sich erst einmal auf dem Spielfeld ideologisch motivierter Pseudoprobleme fertig ausgetobt hat und ihre kunterbunte, gendergerechte, klimaneutrale Multikulti-Trallala-Welt errichtet ist, dann sind vielleicht auch alle Kinder ohnehin schon dem Menschenrecht auf Abtreibung zum Opfer gefallen.",Herr Präsident  Ja  meine Damen und Herren  Auch im Jahr 2021 noch immer Regelungslücken im Kampf gegen Kindesmissbrauch – was für ein Armutszeugnis  Der Aktionsplan gegen Desinformation stellt zwar sicher  dass politisch unerwünschte Meinungen in den sozialen Medien zensiert werden  Eine App zeigt mir an  ob sich in meinem Umfeld eine Person aufhält  die laut einem völlig nutzlosen PCRTest angeblich mit Corona infiziert ist  Das Recht auf Freizügigkeit habe ich nachzuweisen mit dem digitalen Impfpass  Aber Kinder vor Missbrauch zu schützen  das schafft die EU nicht  Vielleicht hoffen wir ja auch darauf  dass sich das Problem von selbst erledigt  Denn wenn die EU sich erst einmal auf dem Spielfeld ideologisch motivierter Pseudoprobleme fertig ausgetobt hat und ihre kunterbunte  gendergerechte  klimaneutrale MultikultiTrallalaWelt errichtet ist  dann sind vielleicht auch alle Kinder ohnehin schon dem Menschenrecht auf Abtreibung zum Opfer gefallen,138
298,eu9_43027,Sylvia Limmer,2021-06-24,"Sehr geehrte Frau Präsidentin, werte Kollegen! Ich lehne das Klimagesetz ab als einen Eckpfeiler des neuen politischen Glaubensdiktums, bei dem schon lange nicht mehr der Mensch und sein Wohlergehen im Zentrum stehen. Und das bedeutet gleichzeitig die endgültige Verabschiedung von einer wie auch immer gearteten Realpolitik. Ich habe daher einen Änderungsantrag mit der Ablehnung des Europäischen Klimagesetzes eingebracht. Nicht, dass ich mir auch nur ansatzweise Illusionen darüber mache – dieser Antrag wird in diesem Haus wenig Zustimmung finden. Dennoch nutze ich hier die Gelegenheit zu einer Begründung, einem Warum. Basierend auf strittigen Prinzipien wie dem ausschließlich anthropogenen Klimanotstand und der wissenschaftlich nicht bewiesenen, aber politischen These von CO2 als dem alleinigen Klimatreiber wird mit völlig inadäquaten Methoden die CO2-Reduktion mit fast kindlichem, religiösem Eifer betrieben.",Sehr geehrte Frau Präsidentin  werte Kollegen  Ich lehne das Klimagesetz ab als einen Eckpfeiler des neuen politischen Glaubensdiktums  bei dem schon lange nicht mehr der Mensch und sein Wohlergehen im Zentrum stehen  Und das bedeutet gleichzeitig die endgültige Verabschiedung von einer wie auch immer gearteten Realpolitik  Ich habe daher einen Änderungsantrag mit der Ablehnung des Europäischen Klimagesetzes eingebracht  Nicht  dass ich mir auch nur ansatzweise Illusionen darüber mache – dieser Antrag wird in diesem Haus wenig Zustimmung finden  Dennoch nutze ich hier die Gelegenheit zu einer Begründung  einem Warum  Basierend auf strittigen Prinzipien wie dem ausschließlich anthropogenen Klimanotstand und der wissenschaftlich nicht bewiesenen  aber politischen These von CO2 als dem alleinigen Klimatreiber wird mit völlig inadäquaten Methoden die CO2Reduktion mit fast kindlichem  religiösem Eifer betrieben,125
299,eu9_43027,Sylvia Limmer,2021-06-24,"Die negativen Auswirkungen dieser für alle Industrienationen desaströsen Politik werden schlicht ignoriert, und man sucht, diese in der Folge mit Verordnungen in den Griff zu bekommen. Per Gesetz werden so Millionen Arbeitsplätze vernichtet – in Deutschland allein in der Automobilbranche über 400 000 –, während man weiter vom angeblichen zukünftig boomenden Markt der erneuerbaren Energien schwadroniert. Einem Markt, den man – so die grobe Schätzung – mit etwa 650 Milliarden Euro Steuergeldern, jährlich wohlgemerkt, künstlich am Leben halten muss. Erneuerbare Energien, die – entgegen den angeblichen Weltrettungsmärchen – viele weitere Probleme schaffen werden. Hier sind Flächenverbrauch und Umweltzerstörungen sowohl bei der Rohstoffgewinnung als auch bei der Entsorgung vieler toxischer und komplexer Verbindungen zu nennen.",Die negativen Auswirkungen dieser für alle Industrienationen desaströsen Politik werden schlicht ignoriert  und man sucht  diese in der Folge mit Verordnungen in den Griff zu bekommen  Per Gesetz werden so Millionen Arbeitsplätze vernichtet – in Deutschland allein in der Automobilbranche über 400   000 –  während man weiter vom angeblichen zukünftig boomenden Markt der erneuerbaren Energien schwadroniert  Einem Markt  den man – so die grobe Schätzung – mit etwa 650   Milliarden   Euro Steuergeldern  jährlich wohlgemerkt  künstlich am Leben halten muss  Erneuerbare Energien  die   – entgegen den angeblichen Weltrettungsmärchen   – viele weitere Probleme schaffen werden  Hier sind Flächenverbrauch und Umweltzerstörungen sowohl bei der Rohstoffgewinnung als auch bei der Entsorgung vieler toxischer und komplexer Verbindungen zu nennen,114
300,eu9_43027,Sylvia Limmer,2021-06-24,"Daneben riskieren wir den Verlust einer stabilen Energieversorgung, wenn in Zukunft nach Meinung der CO2—Puristen möglichst ausschließlich auf die volatilen Erneuerbaren gesetzt werden soll. Die entsprechende dringend benötigte Batterietechnik ist noch in weiter Markt— und sogar Technikferne. Daher ist in der Folge mit weiter steigenden Energiepreisen und nicht gekannter Energiearmut zu rechnen. Daher mein Appell: Lassen Sie uns zurückkehren zu einer Politik, die sowohl unseren wirtschaftlichen Wohlstand schützt als auch die Basis für den unbestritten wichtigen Umweltschutz ist!",Daneben riskieren wir den Verlust einer stabilen Energieversorgung  wenn in Zukunft nach Meinung der CO2—Puristen möglichst ausschließlich auf die volatilen Erneuerbaren gesetzt werden soll  Die entsprechende dringend benötigte Batterietechnik ist noch in weiter Markt— und sogar Technikferne  Daher ist in der Folge mit weiter steigenden Energiepreisen und nicht gekannter Energiearmut zu rechnen  Daher mein Appell  Lassen Sie uns zurückkehren zu einer Politik  die sowohl unseren wirtschaftlichen Wohlstand schützt als auch die Basis für den unbestritten wichtigen Umweltschutz ist,78
301,eu9_43094,Guido Reil,2021-06-24,"Die EU muss klimaneutral werden! So steht es in dem Klimagesetz, das Sie soeben verabschiedet haben. Unsere Klimaziele sind schließlich unsere „Mann-auf-dem-Mond“-Momente – wie uns Frau von der Leyen erklärt hat: Die EU wird zum Vorbild für die ganze Welt. Sie wird endlich die globale Führungsrolle einnehmen, die ihr schon lange zusteht. Die Realität sieht ganz anders aus: Die EU—Klimapolitik schadet der Wirtschaft und ist ein massiver Wettbewerbsnachteil für unsere Unternehmen. Uns droht eine Batterie von Maßnahmen und Einschränkungen. Das Ziel ist das totale Verbot des Verbrennungsmotors. Die großen, global-aufgestellten Autobauer stört das nicht weiter. Sie verlegen ihre Produktion einfach ins außereuropäische Ausland und bauen dann eben dort ihre Verbrenner. In der EU werden nur noch Elektroautos gebaut werden. Diese sind deutlich unkomplizierter herzustellen, sodass man weniger Arbeitskräfte braucht. In der Folge werden viele Menschen arbeitslos werden.",Die EU muss klimaneutral werden  So steht es in dem Klimagesetz  das Sie soeben verabschiedet haben  Unsere Klimaziele sind schließlich unsere „ MannaufdemMond“Momente – wie uns Frau von der Leyen erklärt hat  Die EU wird zum Vorbild für die ganze Welt  Sie wird endlich die globale Führungsrolle einnehmen  die ihr schon lange zusteht  Die Realität sieht ganz anders aus  Die EU—Klimapolitik schadet der Wirtschaft und ist ein massiver Wettbewerbsnachteil für unsere Unternehmen  Uns droht eine Batterie von Maßnahmen und Einschränkungen  Das Ziel ist das totale Verbot des Verbrennungsmotors  Die großen  globalaufgestellten Autobauer stört das nicht weiter  Sie verlegen ihre Produktion einfach ins außereuropäische Ausland und bauen dann eben dort ihre Verbrenner  In der EU werden nur noch Elektroautos gebaut werden  Diese sind deutlich unkomplizierter herzustellen  sodass man weniger Arbeitskräfte braucht  In der Folge werden viele Menschen arbeitslos werden,138
302,eu9_43094,Guido Reil,2021-06-24,"Außerdem werden die mittelständischen Zulieferer betroffen sein. Sie können ihren Standort nicht beliebig verlegen, sondern sind örtlich gebunden. Viele von ihnen werden pleitegehen. Noch mehr Menschen werden arbeitslos werden. Die Absicht der EU, die Welt mit ihrer Klimapolitik zu retten, ist ein direkter Angriff auf unseren Wohlstand. Wir müssen uns dagegen wehren, bevor es zu spät ist.",Außerdem werden die mittelständischen Zulieferer betroffen sein  Sie können ihren Standort nicht beliebig verlegen  sondern sind örtlich gebunden  Viele von ihnen werden pleitegehen  Noch mehr Menschen werden arbeitslos werden  Die Absicht der EU  die Welt mit ihrer Klimapolitik zu retten  ist ein direkter Angriff auf unseren Wohlstand  Wir müssen uns dagegen wehren  bevor es zu spät ist,57
303,eu9_43122,Gunnar Beck,2021-06-24,"Die PSLF wird hauptsächlich für Investitionen in Sektoren verwendet, in denen die überwiegende Mehrheit der Arbeitnehmer Männer sind.",Die PSLF wird hauptsächlich für Investitionen in Sektoren verwendet  in denen die überwiegende Mehrheit der Arbeitnehmer Männer sind,18
304,eu9_43347,Christine Anderson,2021-06-23,"Lehnen Sie dieses menschenverachtende Ansinnen ab. Verhindern Sie, dass dieser Tag als der schwärzeste Tag in die Geschichte dieses EU-Parlaments eingehen wird.",Lehnen Sie dieses menschenverachtende Ansinnen ab  Verhindern Sie  dass dieser Tag als der schwärzeste Tag in die Geschichte dieses EUParlaments eingehen wird,22
305,eu9_43503,Bernhard Zimniok,2021-06-10,"Auch müssen endlich die sogenannten Seenotretter zur Rechenschaft gezogen werden, denn ohne diesen Pull-Faktor hätte es sicherlich keine tausenden Ertrunkenen gegeben. Innerhalb kürzester Zeit würden dann die Todeszahlen im Mittelmeer auf Null sinken. Wird die Migrationswaffe als Druckmittel genutzt, muss die EU endlich entschlossen dagegenhalten, wirkungsvolle Sanktionen verhängen und Entwicklungsgelder einfrieren. Es ist also ganz einfach, werte Kollegen: Schützen wir unsere Grenzen und retten wir gleichzeitig wertvolles Leben! Sie müssten sich nur endlich dazu mal aufraffen und den notwendigen politischen Willen dazu zeigen.",Auch müssen endlich die sogenannten Seenotretter zur Rechenschaft gezogen werden  denn ohne diesen PullFaktor hätte es sicherlich keine tausenden Ertrunkenen gegeben  Innerhalb kürzester Zeit würden dann die Todeszahlen im Mittelmeer auf Null sinken  Wird die Migrationswaffe als Druckmittel genutzt  muss die EU endlich entschlossen dagegenhalten  wirkungsvolle Sanktionen verhängen und Entwicklungsgelder einfrieren  Es ist also ganz einfach  werte Kollegen  Schützen wir unsere Grenzen und retten wir gleichzeitig wertvolles Leben  Sie müssten sich nur endlich dazu mal aufraffen und den notwendigen politischen Willen dazu zeigen,83
306,eu9_43603,Sylvia Limmer,2021-06-09,"Frau Präsidentin, werte Kollegen! Der Europäische Rat, wie übrigens alle anderen europäischen Institutionen auch, begrüßt die Einigung zum Europäischen Klimagesetz, die den einfachen Bürger in Form von CO2-Steuern auf alle Dinge des täglichen Lebens teuer zu stehen kommt. Teuer zu stehen kommt den kleinen Steuerzahler auch ein Parlament mit zwei Arbeitsorten. Mitten in einer pandemischen Lage, so jedenfalls statiert dies der Rat, in der durch politische Entscheidungen unzählige wirtschaftliche Existenzen vernichtet wurden und die Reisen für Bürger so gut wie unmöglich waren bzw. noch sind und die Tinte unter dem – ach so schicken – Klimagesetz noch nicht ganz trocken ist, beginnt man unverdrossen mit dem irren, politisch gewollten Reisezirkus zwischen Brüssel und Straßburg. Corona und CO2 – die beiden omnipräsenten Themen. Gegen das eine ist der Homo Politicus immun, das andere schert ihn nicht.",Frau Präsidentin  werte Kollegen  Der Europäische Rat  wie übrigens alle anderen europäischen Institutionen auch  begrüßt die Einigung zum Europäischen Klimagesetz  die den einfachen Bürger in Form von CO2Steuern auf alle Dinge des täglichen Lebens teuer zu stehen kommt  Teuer zu stehen kommt den kleinen Steuerzahler auch ein Parlament mit zwei Arbeitsorten  Mitten in einer pandemischen Lage  so jedenfalls statiert dies der Rat  in der durch politische Entscheidungen unzählige wirtschaftliche Existenzen vernichtet wurden und die Reisen für Bürger so gut wie unmöglich waren bzw noch sind und die Tinte unter dem – ach so schicken – Klimagesetz noch nicht ganz trocken ist  beginnt man unverdrossen mit dem irren  politisch gewollten Reisezirkus zwischen Brüssel und Straßburg  Corona und CO2 – die beiden omnipräsenten Themen  Gegen das eine ist der Homo Politicus immun  das andere schert ihn nicht,135
307,eu9_43603,Sylvia Limmer,2021-06-09,"In gewisser Weise bleibt also alles beim Alten, die selbstgerechten und ernannten Politeliten bleiben so heuchlerisch wie eh und je.",In gewisser Weise bleibt also alles beim Alten  die selbstgerechten und ernannten Politeliten bleiben so heuchlerisch wie eh und je,20
308,eu9_43760,Christine Anderson,2021-06-09,"Dies wird insbesondere deshalb nicht gelingen, weil anstelle des Vorantreibens von Forschung und Entwicklung der Digitalisierung sich die EU lieber auf ideologisch motivierten, aber völlig irrelevanten Nebenkriegsschauplätzen wie Gender Equality, Gender Budgeting und CO2-Neutralität austobt. Wobei hier die Faustformel gilt: … (Die Präsidentin entzieht der Rednerin das Wort.)",Dies wird insbesondere deshalb nicht gelingen  weil anstelle des Vorantreibens von Forschung und Entwicklung der Digitalisierung sich die EU lieber auf ideologisch motivierten  aber völlig irrelevanten Nebenkriegsschauplätzen wie Gender Equality  Gender Budgeting und CO2Neutralität austobt  Wobei hier die Faustformel gilt  …  Die Präsidentin entzieht der Rednerin das Wort,48
309,eu9_43849,Christine Anderson,2021-06-09,"Deshalb muss nun die Politik entschlossen eingreifen und unterstreicht damit noch zusätzlich das durch diesen Bericht transportierte fatale Frauenbild des schwachen, hilflosen Opfers. Ein Bericht, in dem Frauen auf 20 Seiten ihre hilflose Lage attestiert wird, bekämpft nicht Stereotype, sondern zelebriert und manifestiert sie. Dass die Frauen nicht einmal gefragt werden, zeigt doch sehr deutlich, dass es um sie gar nicht geht. Nein, den Chefideologen geht es in Wahrheit um die Errichtung einer schönen, neuen, kunterbunten, CO2-neutralen, gendergerechten Tralala-Welt, in der Menschen, so wie sie nun mal sind, einfach nur stören. Hören Sie doch bitte auf, die Menschen ihren wahnhaften ideologischen Vorstellungen entsprechend formen zu wollen! Lassen Sie uns Menschen doch einfach wieder Menschen sein!",Deshalb muss nun die Politik entschlossen eingreifen und unterstreicht damit noch zusätzlich das durch diesen Bericht transportierte fatale Frauenbild des schwachen  hilflosen Opfers  Ein Bericht  in dem Frauen auf 20   Seiten ihre hilflose Lage attestiert wird  bekämpft nicht Stereotype  sondern zelebriert und manifestiert sie  Dass die Frauen nicht einmal gefragt werden  zeigt doch sehr deutlich  dass es um sie gar nicht geht  Nein  den Chefideologen geht es in Wahrheit um die Errichtung einer schönen  neuen  kunterbunten  CO2neutralen  gendergerechten TralalaWelt  in der Menschen  so wie sie nun mal sind  einfach nur stören  Hören Sie doch bitte auf  die Menschen ihren wahnhaften ideologischen Vorstellungen entsprechend formen zu wollen  Lassen Sie uns Menschen doch einfach wieder Menschen sein,115
310,eu9_43939,Joachim Kuhs,2021-06-08,"Herr Präsident, lieber Herr Kommissar, werte Kollegen! Wir sprechen ja heute über den Zeitplan bei der Einführung der vier neuen Eigenmittel, und dazu habe ich fünf Einwendungen. Zuerst: Die Fokussierung auf die angenommenen vorteilhaften Effekte verstellt den Blick auf die Risiken und die geringen Wirkungen zur CO2-Einsparung. Darüber sind wir uns doch hoffentlich alle klar. Zweitens: Der Green Deal ist ja sehr eng mit diesen neuen Eigenmitteln verknüpft. Der kann aber natürlich nur zu Beginn vielleicht einen gewissen Schub verleihen. Aber auf Dauer gesehen, wenn die CO2-Einsparziele erreicht werden, dann werden doch automatisch natürlich auch die erhofften Einnahmen austrocknen. Und der dritte Punkt: Mit dem CO2-Grenzausgleich wiederholen wir doch im Grunde genommen den gleichen Fehler, den wir bei der Einführung des Mehrwertsteuersystems gemacht haben und auch immer noch machen.",Herr Präsident  lieber Herr Kommissar  werte Kollegen  Wir sprechen ja heute über den Zeitplan bei der Einführung der vier neuen Eigenmittel  und dazu habe ich fünf Einwendungen  Zuerst  Die Fokussierung auf die angenommenen vorteilhaften Effekte verstellt den Blick auf die Risiken und die geringen Wirkungen zur CO2Einsparung  Darüber sind wir uns doch hoffentlich alle klar  Zweitens  Der Green Deal ist ja sehr eng mit diesen neuen Eigenmitteln verknüpft  Der kann aber natürlich nur zu Beginn vielleicht einen gewissen Schub verleihen  Aber auf Dauer gesehen  wenn die CO2Einsparziele erreicht werden  dann werden doch automatisch natürlich auch die erhofften Einnahmen austrocknen  Und der dritte Punkt  Mit dem CO2Grenzausgleich wiederholen wir doch im Grunde genommen den gleichen Fehler  den wir bei der Einführung des Mehrwertsteuersystems gemacht haben und auch immer noch machen,129
311,eu9_43939,Joachim Kuhs,2021-06-08,"Und wenn wir immer das Gleiche tun und auf bessere Ergebnisse hoffen, dann sagte Albert Einstein einmal, wäre das ein Zeichen von Dummheit. Ich habe den Eindruck, wir tun hier das Gleiche. In die gleiche Kategorie fällt meines Erachtens auch, dass wir ein Marktsystem, nämlich den Emissionshandel – diesen neuen, den erweiterten –, mit einem planwirtschaftlichen System, dem CO2-Grenzausgleich, vermischen wollen. Das kann doch nicht funktionieren! Und wer hat jemals schon genau gesehen, wie das funktionieren kann? Es wird nicht funktionieren. Und wenn man das Ziel nicht hat, dann kann man auch den Weg dahin nicht wissen. Und für mich – als letzte Bemerkung – ist eine haushaltspolitische Unabhängigkeit der EU losgelöst von den Mitgliedstaaten undenkbar. Und das tun wir aber hier bei diesem neuen Eigenmittelsystem. Die Europäische Union muss sowohl gegenüber den nationalen Regierungen als auch gegenüber den Bürgern rechenschaftspflichtig bleiben.",Und wenn wir immer das Gleiche tun und auf bessere Ergebnisse hoffen  dann sagte Albert Einstein einmal  wäre das ein Zeichen von Dummheit  Ich habe den Eindruck  wir tun hier das Gleiche  In die gleiche Kategorie fällt meines Erachtens auch  dass wir ein Marktsystem  nämlich den Emissionshandel   – diesen neuen  den erweiterten   –  mit einem planwirtschaftlichen System  dem CO2Grenzausgleich  vermischen wollen  Das kann doch nicht funktionieren  Und wer hat jemals schon genau gesehen  wie das funktionieren kann  Es wird nicht funktionieren  Und wenn man das Ziel nicht hat  dann kann man auch den Weg dahin nicht wissen  Und für mich   – als letzte Bemerkung   – ist eine haushaltspolitische Unabhängigkeit der EU losgelöst von den Mitgliedstaaten undenkbar  Und das tun wir aber hier bei diesem neuen Eigenmittelsystem  Die Europäische Union muss sowohl gegenüber den nationalen Regierungen als auch gegenüber den Bürgern rechenschaftspflichtig bleiben,142
312,eu9_44046,Bernhard Zimniok,2021-06-08,Unsere Entwicklungspolitik muss sich endlich der Realität anpassen. Diese Art der Geldverbrennung muss endlich ein Ende haben!,Unsere Entwicklungspolitik muss sich endlich der Realität anpassen  Diese Art der Geldverbrennung muss endlich ein Ende haben,17
313,eu9_44099,Maximilian Krah,2021-06-08,"Wieder die üblichen NGOs, die dann inhaltlich mit denen übereinstimmen, die hier von Genderpolitik über Klimaschutz den Ton angeben? Entwicklungshilfe heißt, den Nationen in der Dritten Welt die Chance zu geben, sich selbst zu entwickeln auf der Basis ihrer Werte, ihrer Traditionen und ihrer eigenen Talente. Sie erfolgt nicht über Milliarden aus europäischen Haushalten mit politischen Vorgaben, sondern über Partnerschaft, Freiheit und Respekt vor anderen Wegen.",Wieder die üblichen NGOs  die dann inhaltlich mit denen übereinstimmen  die hier von Genderpolitik über Klimaschutz den Ton angeben  Entwicklungshilfe heißt  den Nationen in der Dritten Welt die Chance zu geben  sich selbst zu entwickeln auf der Basis ihrer Werte  ihrer Traditionen und ihrer eigenen Talente  Sie erfolgt nicht über Milliarden aus europäischen Haushalten mit politischen Vorgaben  sondern über Partnerschaft  Freiheit und Respekt vor anderen Wegen,66
314,eu9_44112,Bernhard Zimniok,2021-06-08,"Ich möchte an dieser Stelle der Kommission – meinen Kollegen, die in ihrem ideologischen Elfenbeinturm leben – in Erinnerung rufen: Hier werden hart erarbeitete Steuergelder verbrannt, und diese Gelder sollten gerade in einer historisch beispiellosen wirtschaftlichen Krise dem dienen, der sie erwirtschaftet hat – dem europäischen Bürger. Vergessen Sie das nicht!",Ich möchte an dieser Stelle der Kommission   – meinen Kollegen  die in ihrem ideologischen Elfenbeinturm leben   – in Erinnerung rufen  Hier werden hart erarbeitete Steuergelder verbrannt  und diese Gelder sollten gerade in einer historisch beispiellosen wirtschaftlichen Krise dem dienen  der sie erwirtschaftet hat   – dem europäischen Bürger  Vergessen Sie das nicht,51
315,eu9_44135,Guido Reil,2021-06-08,"Herr Präsident, liebe Kolleginnen und Kollegen! Wir reden heute über den Europäischen Sozialfonds Plus. Der war in der Vergangenheit 90 Milliarden Euro schwer – also für EU-Verhältnisse eher Kleingeld. Und Deutschland hat daraus 7,5 Milliarden Euro erhalten. In Zukunft wird Deutschland noch 6,5 Milliarden Euro erhalten, was auch folgerichtig ist, weil Deutschland keine Armut kennt. Was ist Ziel dieses Fonds? Er soll für ein sozialeres und klimaneutrales Europa sorgen. Damit betreibt die EU die Quadratur des Kreises. Denn Klimaneutralität und soziale Politik, die passen nicht zusammen. Die Politik hat schon jetzt dazu geführt, dass wir in Deutschland die höchsten Strompreise Europas haben. Die Mieten explodieren, die Spritpreise explodieren, und alles wird in Zukunft noch viel schlimmer werden. Millionen wertschöpfende Arbeitsplätze werden zerstört werden. Aber das interessiert natürlich den grün wählenden Tesla-Fahrer mit Gender-Lehrstuhl überhaupt nicht.",Herr Präsident  liebe Kolleginnen und Kollegen  Wir reden heute über den Europäischen Sozialfonds Plus  Der war in der Vergangenheit 90   Milliarden Euro schwer   – also für EUVerhältnisse eher Kleingeld  Und Deutschland hat daraus 75   Milliarden Euro erhalten  In Zukunft wird Deutschland noch 65   Milliarden Euro erhalten  was auch folgerichtig ist  weil Deutschland keine Armut kennt  Was ist Ziel dieses Fonds  Er soll für ein sozialeres und klimaneutrales Europa sorgen  Damit betreibt die EU die Quadratur des Kreises  Denn Klimaneutralität und soziale Politik  die passen nicht zusammen  Die Politik hat schon jetzt dazu geführt  dass wir in Deutschland die höchsten Strompreise Europas haben  Die Mieten explodieren  die Spritpreise explodieren  und alles wird in Zukunft noch viel schlimmer werden  Millionen wertschöpfende Arbeitsplätze werden zerstört werden  Aber das interessiert natürlich den grün wählenden TeslaFahrer mit GenderLehrstuhl überhaupt nicht,135
316,eu9_44163,Gunnar Beck,2021-06-08,"Bevor wir nun aber über das Kontrollrecht des Parlaments sprechen, sollten wir diese Rolle erst ernst nehmen. Dieses Haus ist kein Kontrollorgan im Burkeschen Sinne, sondern eine Applauskammer für handfeste wirtschaftliche Interessen und Fantasten, die unbehagliche Fragen scheut, Meinungsfreiheit beschränkt und Europa abschaffen will. Burke sagte: ‘No European can be a complete exile in any part of Europe’. We may add: ‘no true European can feel entirely at home in the European Parliament’.",Bevor wir nun aber über das Kontrollrecht des Parlaments sprechen  sollten wir diese Rolle erst ernst nehmen  Dieses Haus ist kein Kontrollorgan im Burkeschen Sinne  sondern eine Applauskammer für handfeste wirtschaftliche Interessen und Fantasten  die unbehagliche Fragen scheut  Meinungsfreiheit beschränkt und Europa abschaffen will  Burke sagte  ‘ No European can be a complete exile in any part of Europe ’  We may add  ‘ no true European can feel entirely at home in the European Parliament ’,77
317,eu9_44259,Maximilian Krah,2021-06-07,"Dies führt dazu, dass wir später – und so ist die Intention des Berichterstatters eigentlich gar nicht – zum Wettbewerbsrecht, wie wir es vor der Pandemie hatten, zurückkehren. Das halten wir für falsch. Ausnahmen sind deshalb Ausnahmen, weil sie auf bestimmte Situationen antworten, aber eben nicht dauerhaft bestehen. Wir brauchen ein strenges, korrektes Wettbewerbsrecht, und wir brauchen keine Ausnahmen, um mehr Beihilfen auszuzahlen und damit weitere Haushaltsdefizite anzuhäufen. Das Zweite, was wir kritisieren, ist, dass eine Anpassung der EU-Wettbewerbspolitik an die Pariser Klimaziele gefordert wird. Dies führt dazu, dass ein zunehmend sehr großer Bereich der Wirtschaft von den Wettbewerbsregeln ausgenommen wird. Da wir mittlerweile ja alles zu einer Klimafrage erheben, heißt das, dass wir weitere Einschränkungen unseres Wettbewerbsrechts vornehmen müssen und Wildwuchs Tür und Tor geöffnet wird.",Dies führt dazu  dass wir später – und so ist die Intention des Berichterstatters eigentlich gar nicht – zum Wettbewerbsrecht  wie wir es vor der Pandemie hatten  zurückkehren  Das halten wir für falsch  Ausnahmen sind deshalb Ausnahmen  weil sie auf bestimmte Situationen antworten  aber eben nicht dauerhaft bestehen  Wir brauchen ein strenges  korrektes Wettbewerbsrecht  und wir brauchen keine Ausnahmen  um mehr Beihilfen auszuzahlen und damit weitere Haushaltsdefizite anzuhäufen  Das Zweite  was wir kritisieren  ist  dass eine Anpassung der EUWettbewerbspolitik an die Pariser Klimaziele gefordert wird  Dies führt dazu  dass ein zunehmend sehr großer Bereich der Wirtschaft von den Wettbewerbsregeln ausgenommen wird  Da wir mittlerweile ja alles zu einer Klimafrage erheben  heißt das  dass wir weitere Einschränkungen unseres Wettbewerbsrechts vornehmen müssen und Wildwuchs Tür und Tor geöffnet wird,127
318,eu9_44628,Nicolaus Fest,2021-05-19,"Trotzdem meinen Dank, denn Ihr Bericht zeigt, dass CDU/CSU und ÖVP längst zur links-grünen Koalition der Verkommenheit im EU-Parlament gehören, und Sie, verehrter Herr Korpsstudent Mandl, sind gleichsam der Steigbügelhalter dieser Verkommenheitskoalition im Vollwichs.",Trotzdem meinen Dank  denn Ihr Bericht zeigt  dass CDUCSU und ÖVP längst zur linksgrünen Koalition der Verkommenheit im EUParlament gehören  und Sie  verehrter Herr Korpsstudent Mandl  sind gleichsam der Steigbügelhalter dieser Verkommenheitskoalition im Vollwichs,34
319,eu9_44680,Gunnar Beck,2021-05-19,"Nach den Berechnungsgrundlagen Bernd Raffelhüschens kosten Deutschland die 3 Millionen seit 2015 zugewanderten oder nachgeborenen Migranten rund 30 Milliarden jährlich, tatsächlich aber wahrscheinlich mehr als das Doppelte. Arbeitsmigration ist ein Mythos, und der Bedarf an mehr ausländischer Arbeit ist ein Märchen. Das Gros der Migranten in die EU sind un- oder unterqualifizierte Menschen, die in der digitalisierten oder automatisierten postindustriellen Dienstleistungswirtschaft entbehrlich sind. Sind sie arbeitswillig, drücken sie allenfalls die Einkommen im Niedriglohnsektor.",Nach den Berechnungsgrundlagen Bernd Raffelhüschens kosten Deutschland die 3   Millionen seit 2015 zugewanderten oder nachgeborenen Migranten rund 30   Milliarden jährlich  tatsächlich aber wahrscheinlich mehr als das Doppelte  Arbeitsmigration ist ein Mythos  und der Bedarf an mehr ausländischer Arbeit ist ein Märchen  Das Gros der Migranten in die EU sind un oder unterqualifizierte Menschen  die in der digitalisierten oder automatisierten postindustriellen Dienstleistungswirtschaft entbehrlich sind  Sind sie arbeitswillig  drücken sie allenfalls die Einkommen im Niedriglohnsektor,73
320,eu9_44681,Guido Reil,2021-05-19,"Auf diese Weise werden kritische Stimmen exportiert. Die Auswanderer unterstützen ihre einheimische Wirtschaft und indirekt das korrupte Regime, indem sie Geld nach Hause überweisen.",Auf diese Weise werden kritische Stimmen exportiert  Die Auswanderer unterstützen ihre einheimische Wirtschaft und indirekt das korrupte Regime  indem sie Geld nach Hause überweisen,24
321,eu9_44752,Gunnar Beck,2021-05-19,"Frau Präsidentin, sehr geehrte Herren Kommissare! Ende April urteilte das Bundesverfassungsgericht, das deutsche Klimagesetz sei mangelhaft und verfassungswidrig, denn es verletze die Freiheitsrechte künftiger – auch ungeborener – Generationen und zahlreicher Migranten, die von Europa noch nie gehört haben mögen, aber gewiss kommen, wenn die Bundesregierung sie ruft. Denn, so die Richter, das deutsche Grundgesetz begründe eine allgemeine Pflicht des Staates zum Klimaschutz und erteile der Bundesregierung den Auftrag, die Pariser Klimaziele nicht nur für Deutschland umzusetzen, sondern das Weltklima zu retten, und zwar ungeachtet der Klimapolitik anderer Staaten – all dies ohne Grundlage im Wortlaut und in der bisherigen Auslegung des Grundgesetzes und ganz und gar ohne Vernunft.",Frau Präsidentin  sehr geehrte Herren Kommissare  Ende April urteilte das Bundesverfassungsgericht  das deutsche Klimagesetz sei mangelhaft und verfassungswidrig  denn es verletze die Freiheitsrechte künftiger – auch ungeborener   – Generationen und zahlreicher Migranten  die von Europa noch nie gehört haben mögen  aber gewiss kommen  wenn die Bundesregierung sie ruft  Denn  so die Richter  das deutsche Grundgesetz begründe eine allgemeine Pflicht des Staates zum Klimaschutz und erteile der Bundesregierung den Auftrag  die Pariser Klimaziele nicht nur für Deutschland umzusetzen  sondern das Weltklima zu retten  und zwar ungeachtet der Klimapolitik anderer Staaten – all dies ohne Grundlage im Wortlaut und in der bisherigen Auslegung des Grundgesetzes und ganz und gar ohne Vernunft,109
322,eu9_44752,Gunnar Beck,2021-05-19,"Genau in diesem Geiste nun fordert dieser Gesetzentwurf die Anerkennung des Ökozids als neues Kapitalverbrechen gegen unseren Planeten, die Schaffung von grünen Polizeibrigaden und die Ausstattung von NGOs mit hoheitlichen Rechten als öffentliche Umweltanwälte mit Immunität vor Strafverfolgung. Statuiert werden hier massive Grundrechtseingriffe und die gerichtliche Oberaufsicht über demokratische Entscheidungen – und wofür? Für Pläne, die scheitern müssen, weil sie gegen die Weltordnung sind. Deutschland generiert weniger als zwei Prozent und die EU unter acht Prozent der weltweiten CO2-Emissionen. Sie wollen also das Unmögliche versuchen und die Welt retten, ohne Aussicht auf Erfolg. Und dafür zerstören Sie die Grundlagen – die wirtschaftlichen Lebensgrundlagen – unseres Kontinents. Europa überlebte zahllose Kriege und Epidemien, doch die EU und diesen Unsinn kann niemand überleben – schon gar nicht Europa.",Genau in diesem Geiste nun fordert dieser Gesetzentwurf die Anerkennung des Ökozids als neues Kapitalverbrechen gegen unseren Planeten  die Schaffung von grünen Polizeibrigaden und die Ausstattung von NGOs mit hoheitlichen Rechten als öffentliche Umweltanwälte mit Immunität vor Strafverfolgung  Statuiert werden hier massive Grundrechtseingriffe und die gerichtliche Oberaufsicht über demokratische Entscheidungen – und wofür  Für Pläne  die scheitern müssen  weil sie gegen die Weltordnung sind  Deutschland generiert weniger als zwei Prozent und die EU unter acht Prozent der weltweiten CO2Emissionen  Sie wollen also das Unmögliche versuchen und die Welt retten  ohne Aussicht auf Erfolg  Und dafür zerstören Sie die Grundlagen – die wirtschaftlichen Lebensgrundlagen – unseres Kontinents  Europa überlebte zahllose Kriege und Epidemien  doch die EU und diesen Unsinn kann niemand überleben – schon gar nicht Europa,126
323,eu9_44818,Gunnar Beck,2021-05-19,"Frau Präsidentin, Herr Kommissar! Fiscalis dient der Verbesserung der Zusammenarbeit zwischen nationalen Steuerverwaltungen, dem Austausch von Fachwissen und dem Kampf gegen Steuerumgehung und —vermeidung. 270 Millionen Euro sind bereits bewilligt, die sollen sich mehrfach auszahlen. Doch Fiscalis bekämpft – wenn überhaupt – Steuerkriminalität der gehobenen Mittelklasse durch mehr Bürgerüberwachung. Die astronomischen Ausgaben für Migration und Klimaschutz lassen sich mit ein paar Dutzend Milliarden Euro pro Jahr nicht finanzieren. Unsere Probleme sind ganz andere. Erstens: Multinationale Unternehmen verschieben beliebig Profite über Lizenzen in Niedrigsteuerländer und sind faktisch steuerbefreit wie der erste und zweite Stand im Ancien Régime. Amazon, Facebook, Apple und Google zahlen in der EU gerade mal ein Prozent Steuern auf Gewinne.",Frau Präsidentin  Herr Kommissar  Fiscalis dient der Verbesserung der Zusammenarbeit zwischen nationalen Steuerverwaltungen  dem Austausch von Fachwissen und dem Kampf gegen Steuerumgehung und — vermeidung  270   Millionen Euro sind bereits bewilligt  die sollen sich mehrfach auszahlen  Doch Fiscalis bekämpft – wenn überhaupt – Steuerkriminalität der gehobenen Mittelklasse durch mehr Bürgerüberwachung  Die astronomischen Ausgaben für Migration und Klimaschutz lassen sich mit ein paar Dutzend Milliarden Euro pro Jahr nicht finanzieren  Unsere Probleme sind ganz andere  Erstens  Multinationale Unternehmen verschieben beliebig Profite über Lizenzen in Niedrigsteuerländer und sind faktisch steuerbefreit wie der erste und zweite Stand im Ancien Régime  Amazon  Facebook  Apple und Google zahlen in der EU gerade mal ein   Prozent Steuern auf Gewinne,113
324,eu9_44818,Gunnar Beck,2021-05-19,"Nur ändern will das hier niemand, auch deshalb, weil die EU im Hochtechnologiewettbewerb deklassiert ist und Joint Ventures mit Russland oder China beharrlich meidet, um lieber US-Spielball zu bleiben. Zweitens: Statt Unternehmen werden die Bürger zur Kasse gebeten, die Abgabenquote Deutschlands ist die höchste der Welt, die der Eurozone immer noch höher als die der EU, die wiederum höher ist als die in der OECD. Drittens kostet die wahnwitzige EU-Einwanderungs- und Klimapolitik in den nächsten Jahrzehnten Billionen, die unsere Bürger niemals aufbringen könnten. Beenden Sie endlich diese desaströse Geld- und Ausgabenpolitik, so als habe dieser Kontinent ohnehin keine Zukunft mehr, und ermutigen Sie die Mitgliedstaaten zu gerechter und progressiver Unternehmensbesteuerung, zur Verringerung der Lohnabgabenquote, und machen Sie Schluss mit der Bürgerüberwachung und dem freien EU-Kapitalverkehr, der jede gerechte Steuerpolitik zunichtemacht!",Nur ändern will das hier niemand  auch deshalb  weil die EU im Hochtechnologiewettbewerb deklassiert ist und Joint Ventures mit Russland oder China beharrlich meidet  um lieber USSpielball zu bleiben  Zweitens  Statt Unternehmen werden die Bürger zur Kasse gebeten  die Abgabenquote Deutschlands ist die höchste der Welt  die der Eurozone immer noch höher als die der EU  die wiederum höher ist als die in der OECD  Drittens kostet die wahnwitzige EUEinwanderungs und Klimapolitik in den nächsten Jahrzehnten Billionen  die unsere Bürger niemals aufbringen könnten  Beenden Sie endlich diese desaströse Geld und Ausgabenpolitik  so als habe dieser Kontinent ohnehin keine Zukunft mehr  und ermutigen Sie die Mitgliedstaaten zu gerechter und progressiver Unternehmensbesteuerung  zur Verringerung der Lohnabgabenquote  und machen Sie Schluss mit der Bürgerüberwachung und dem freien EUKapitalverkehr  der jede gerechte Steuerpolitik zunichtemacht,130
325,eu9_45316,Maximilian Krah,2021-05-17,"Frau Präsidentin, meine Damen und Herren Kollegen! Der heutige Fonds ist der Versuch, die ersichtlichen Probleme, die der Ausstieg aus dem Kohlendioxid für die Europäische Union bringen wird, einigermaßen in den Griff zu bekommen. Es geht darum, den Regionen, die besonders leiden werden – und das sind sehr viele –, etwas zu geben in der Hoffnung, dass der Einbruch nicht zu schwer wird. Aber es ist nicht zu erwarten, dass es keinen Einbruch geben wird. Und die Debatten, die wir hier führen, sind eben Eliten-Debatten, denn wir müssen uns darauf einstellen, dass insbesondere die Mittelschicht, die Arbeitnehmer in den nächsten Jahren ärmer werden. Sie werden deshalb ärmer, weil wir uns vornehmen, mit staatlicher Direktive und einem planwirtschaftlichen Modell das Wetter in 100 Jahren zu retten. Ich glaube nicht, dass die Mittel des Just Transition Fund die Enttäuschung derjenigen, die das letztlich bezahlen werden, aufheben werden.",Frau Präsidentin  meine Damen und Herren Kollegen  Der heutige Fonds ist der Versuch  die ersichtlichen Probleme  die der Ausstieg aus dem Kohlendioxid für die Europäische Union bringen wird  einigermaßen in den Griff zu bekommen  Es geht darum  den Regionen  die besonders leiden werden – und das sind sehr viele –  etwas zu geben in der Hoffnung  dass der Einbruch nicht zu schwer wird  Aber es ist nicht zu erwarten  dass es keinen Einbruch geben wird  Und die Debatten  die wir hier führen  sind eben ElitenDebatten  denn wir müssen uns darauf einstellen  dass insbesondere die Mittelschicht  die Arbeitnehmer in den nächsten Jahren ärmer werden  Sie werden deshalb ärmer  weil wir uns vornehmen  mit staatlicher Direktive und einem planwirtschaftlichen Modell das Wetter in 100   Jahren zu retten  Ich glaube nicht  dass die Mittel des Just Transition Fund die Enttäuschung derjenigen  die das letztlich bezahlen werden  aufheben werden,145
326,eu9_45345,Guido Reil,2021-05-17,"Wir brauchen nicht mehr EU! Was wir brauchen, ist mehr Deutschland – Deutschland, wie es früher war, Deutschland, aber normal.",Wir brauchen nicht mehr EU  Was wir brauchen  ist mehr Deutschland – Deutschland  wie es früher war  Deutschland  aber normal,20
327,eu9_45385,Maximilian Krah,2021-05-17,"Herr Präsident, meine Damen und Herren! Was wir hier haben, ist eine Aufforderung, die Grenzen aufzumachen für jedermann, der in die EU einwandern will, weil ihm das Wetter nicht gefällt. Was wir haben, ist die Forderung nach offenen Grenzen und gleichzeitig eine Entschließung, dass man jedem, der das kritisiert, entgegentreten soll. Denn nicht anders kann man Ziffer 63 verstehen, die fordert, dass man gegen jede Diskriminierung von Migranten vorgehen soll. Und in Ziffer 74 dritter Spiegelstrich fordern Sie uneingeschränkten Schutz für Klimaflüchtlinge. Uneingeschränkten Schutz haben ja noch nicht mal Bürgerkriegsflüchtlinge. Was, bitte schön, ist ein Klimaflüchtling? Es gibt derzeit keine. Alle entsprechenden Untersuchungen sind angezweifelt und stammen von linken Lobbygruppen. Es wird natürlich behauptet, es gäbe 140 Millionen Klimaflüchtlinge bis 2050. Selbst wenn dem so sein sollte: Wollen Sie die in die EU holen? Was Sie hier fordern, das sind offene Grenzen für jedermann.",Herr Präsident  meine Damen und Herren  Was wir hier haben  ist eine Aufforderung  die Grenzen aufzumachen für jedermann  der in die EU einwandern will  weil ihm das Wetter nicht gefällt  Was wir haben  ist die Forderung nach offenen Grenzen und gleichzeitig eine Entschließung  dass man jedem  der das kritisiert  entgegentreten soll  Denn nicht anders kann man Ziffer 63 verstehen  die fordert  dass man gegen jede Diskriminierung von Migranten vorgehen soll  Und in Ziffer   74 dritter Spiegelstrich fordern Sie uneingeschränkten Schutz für Klimaflüchtlinge  Uneingeschränkten Schutz haben ja noch nicht mal Bürgerkriegsflüchtlinge  Was  bitte schön  ist ein Klimaflüchtling  Es gibt derzeit keine  Alle entsprechenden Untersuchungen sind angezweifelt und stammen von linken Lobbygruppen  Es wird natürlich behauptet  es gäbe 140   Millionen Klimaflüchtlinge bis 2050 Selbst wenn dem so sein sollte  Wollen Sie die in die EU holen  Was Sie hier fordern  das sind offene Grenzen für jedermann,144
328,eu9_45392,Gunnar Beck,2021-05-17,"Herr Präsident! Keine Plenarwoche ohne Hinweis auf die eminente Klimakatastrophe, auch nicht nach dem kältesten April seit 30 oder vielleicht 60 Jahren. Thema heute: die Auswirkungen des Klimawandels auf sogenannte vulnerable Bevölkerungsgruppen in der Dritten Welt. Dieser Bericht hierzu umfasst 54 Seiten, eine Fülle von Allgemeinplätzen, Halbwahrheiten und schlecht durchdachten Forderungen. Wir lesen: Die reichsten Staaten verursachen die höchsten CO2-Emissionen, 40 % der Weltbevölkerung hätten kaum Trinkwasser, Klimawandel treffe vor allem Frauen, und Frauen arbeiteten häufiger Teilzeit als Männer – stimmt alles. Doch jetzt die keinesfalls so frohe Botschaft: Die EU müsse ihre Klimaziele verschärfen, weltweit Gerechtigkeit schaffen, vor allem für Frauen und Migranten, und Migration nach Europa weiter erleichtern. Richtig ist: Frauen werden in vielen Teilen der Welt benachteiligt, und viele der Ärmsten sind tatsächlich Frauen.",Herr Präsident  Keine Plenarwoche ohne Hinweis auf die eminente Klimakatastrophe  auch nicht nach dem kältesten April seit 30 oder vielleicht 60   Jahren  Thema heute  die Auswirkungen des Klimawandels auf sogenannte vulnerable Bevölkerungsgruppen in der Dritten Welt  Dieser Bericht hierzu umfasst 54   Seiten  eine Fülle von Allgemeinplätzen  Halbwahrheiten und schlecht durchdachten Forderungen  Wir lesen  Die reichsten Staaten verursachen die höchsten CO2Emissionen  40    der Weltbevölkerung hätten kaum Trinkwasser  Klimawandel treffe vor allem Frauen  und Frauen arbeiteten häufiger Teilzeit als Männer – stimmt alles  Doch jetzt die keinesfalls so frohe Botschaft  Die EU müsse ihre Klimaziele verschärfen  weltweit Gerechtigkeit schaffen  vor allem für Frauen und Migranten  und Migration nach Europa weiter erleichtern  Richtig ist  Frauen werden in vielen Teilen der Welt benachteiligt  und viele der Ärmsten sind tatsächlich Frauen,126
329,eu9_45392,Gunnar Beck,2021-05-17,"Nur: Das Klima diskriminiert nicht, sondern Armut, nicht das Geschlecht verringert Lebenschancen, mehr als alles andere. Wie schon Friedrich Engels bemerkte: Das Leben der Ehefrau eines Fabrikanten hat mehr gemein mit dem Leben einer Fabrikantin oder dem ihres Mannes als mit der Existenz ihrer Arbeiter oder Arbeiterinnen. Die EU verursacht 6 bis 9 % der weltweiten CO2-Emissionen. Das heißt, was immer wir tun, hat null Effekt auf das Weltklima. Tatsache ist ferner: In Afrika werden jede Woche rund 850 000 Kinder geboren. Als Sühne für Klimasünden fordern Kommission und Parlament immer mehr Migration – 70 Millionen allein bis 2035 laut Ex-Migrationskommissar Avramopoulos. Hier ein viel besseres Rezept für Sie: Wiederbewalden Sie 11 % der Erdoberfläche, wie es die Technische Hochschule Zürich zur Neutralisierung der CO2-Emissionen fordert.",Nur  Das Klima diskriminiert nicht  sondern Armut  nicht das Geschlecht verringert Lebenschancen  mehr als alles andere  Wie schon Friedrich Engels bemerkte  Das Leben der Ehefrau eines Fabrikanten hat mehr gemein mit dem Leben einer Fabrikantin oder dem ihres Mannes als mit der Existenz ihrer Arbeiter oder Arbeiterinnen  Die EU verursacht 6 bis 9    der weltweiten CO2Emissionen  Das heißt  was immer wir tun  hat null Effekt auf das Weltklima  Tatsache ist ferner  In Afrika werden jede Woche rund 850   000   Kinder geboren  Als Sühne für Klimasünden fordern Kommission und Parlament immer mehr Migration – 70   Millionen allein bis 2035 laut ExMigrationskommissar Avramopoulos  Hier ein viel besseres Rezept für Sie  Wiederbewalden Sie 11    der Erdoberfläche  wie es die Technische Hochschule Zürich zur Neutralisierung der CO2Emissionen fordert,124
330,eu9_45392,Gunnar Beck,2021-05-17,"Leugnen Sie nicht weiter beharrlich Überbevölkerung als wahre Ursache von Armut weltweit, und beerdigen Sie endlich ihre unseligen Weltrettungsfantasien, denn die führen ins Elend und sonst nirgendwohin und nichts sonst.",Leugnen Sie nicht weiter beharrlich Überbevölkerung als wahre Ursache von Armut weltweit  und beerdigen Sie endlich ihre unseligen Weltrettungsfantasien  denn die führen ins Elend und sonst nirgendwohin und nichts sonst,30
331,eu9_45458,Maximilian Krah,2021-04-29,"Wir können diese 8 Milliarden deshalb sinnvoller ausgeben. Sie werden unsere Sicherheit nicht erhöhen, aber sie werden keinen positiven Effekt bringen.",Wir können diese 8   Milliarden deshalb sinnvoller ausgeben  Sie werden unsere Sicherheit nicht erhöhen  aber sie werden keinen positiven Effekt bringen,21
332,eu9_45530,Joachim Kuhs,2021-04-29,"Die pakistanische Regierung wandelt auf einem schmalen Grat; sie muss ihre Staatsführung mit der Macht des islamischen Establishments ausbalancieren. Dieser Balanceakt ist der Kern des Problems. Die Bildung wurde de facto an das islamische Establishment ausgelagert, und die hieraus resultierende Indoktrinierung hat die Blasphemiegesetze erstarken lassen. Die Lösung dieser Problematik liegt in einer konsequenten Trennung von Religion und Staat. Auch wenn dies in der islamischen Welt schwierig ist, müssen wir von der EU jene Politik machen, die säkulare Kräfte in Pakistan stärkt.",Die pakistanische Regierung wandelt auf einem schmalen Grat  sie muss ihre Staatsführung mit der Macht des islamischen Establishments ausbalancieren  Dieser Balanceakt ist der Kern des Problems  Die Bildung wurde de facto an das islamische Establishment ausgelagert  und die hieraus resultierende Indoktrinierung hat die Blasphemiegesetze erstarken lassen  Die Lösung dieser Problematik liegt in einer konsequenten Trennung von Religion und Staat  Auch wenn dies in der islamischen Welt schwierig ist  müssen wir von der EU jene Politik machen  die säkulare Kräfte in Pakistan stärkt,82
333,eu9_45587,Joachim Kuhs,2021-04-29,"Herr Präsident, Herr Kommissar, liebe Kollegen! Das LIFE-Programm der EU gibt es seit 1992. Es sollte ursprünglich Umweltprojekte fördern, und das war gut so, das war ein großer Erfolg. Mit der nunmehr relativ einseitigen Ausrichtung auf das Thema Klima wird das LIFE-Programm aber in den Green Deal eingefügt. Ich bin als Haushälter ja für eine effiziente Mittelverwendung, aber gegen die Aufstockung des LIFE-Programms für sogenannte Klimaprojekte. Diese Klimaprojekte werden unsere Wirtschaft behindern, die Unabhängigkeit unserer Nationalstaaten weiter schwächen, unsere Arbeitnehmer noch mehr steuerlich belasten und finanziell lähmen. Diesen rechtlichen Risiken setzen wir uns aus, und wir benachteiligen dauerhaft unsere EU gegenüber anderen Staaten außerhalb der EU – Stichwort: China. Außerdem hinterfrage ich die erhofften Effekte auf das Klima.",Herr Präsident  Herr Kommissar  liebe Kollegen  Das LIFEProgramm der EU gibt es seit 1992 Es sollte ursprünglich Umweltprojekte fördern  und das war gut so  das war ein großer Erfolg  Mit der nunmehr relativ einseitigen Ausrichtung auf das Thema Klima wird das LIFEProgramm aber in den Green Deal eingefügt  Ich bin als Haushälter ja für eine effiziente Mittelverwendung  aber gegen die Aufstockung des LIFEProgramms für sogenannte Klimaprojekte  Diese Klimaprojekte werden unsere Wirtschaft behindern  die Unabhängigkeit unserer Nationalstaaten weiter schwächen  unsere Arbeitnehmer noch mehr steuerlich belasten und finanziell lähmen  Diesen rechtlichen Risiken setzen wir uns aus  und wir benachteiligen dauerhaft unsere EU gegenüber anderen Staaten außerhalb der EU   – Stichwort  China  Außerdem hinterfrage ich die erhofften Effekte auf das Klima,118
334,eu9_45587,Joachim Kuhs,2021-04-29,"Selbst eine totale und globale Umsetzung dieser Utopie Green Deal auf die Klimaprojekte wird die Temperaturen der Erde nicht oder nur ganz geringfügig verändern. Ich bin ja für Artenvielfalt, für Naturschutz, für Rücksichtnahme auf die Umwelt und für das Bewahren der Schöpfung. Allerdings bin ich gegen dieses Bürokratiemonster Green Deal. Umweltschutz – Ja! Biodiversität – Ja! Bürokratische und einseitige Klimaprojekte – Nein!",Selbst eine totale und globale Umsetzung dieser Utopie Green Deal auf die Klimaprojekte wird die Temperaturen der Erde nicht oder nur ganz geringfügig verändern  Ich bin ja für Artenvielfalt  für Naturschutz  für Rücksichtnahme auf die Umwelt und für das Bewahren der Schöpfung  Allerdings bin ich gegen dieses Bürokratiemonster Green Deal  Umweltschutz – Ja  Biodiversität – Ja  Bürokratische und einseitige Klimaprojekte   – Nein,62
335,eu9_45689,Gunnar Beck,2021-04-28,"Das Digital Green Certificate verstößt gegen Artikel 21 der EU—Grundrechtecharta, in dem festgelegt ist, dass alle Personen vor dem Gesetz gleich sind und dass alle Personen das Recht auf Gleichbehandlung durch Behörden haben müssen – geimpft oder nicht! Es gibt auch ernsthafte Datenschutzbedenken und keine zureichenden Garantien, dass die Daten der EU—Bürger nicht an Big—Dat—-Unternehmen verkauft werden und dass unsere Daten angemessen vor Cyber—Angriffen geschützt sind.",Das Digital Green Certificate verstößt gegen Artikel   21 der EU—Grundrechtecharta  in dem festgelegt ist  dass alle Personen vor dem Gesetz gleich sind und dass alle Personen das Recht auf Gleichbehandlung durch Behörden haben müssen – geimpft oder nicht  Es gibt auch ernsthafte Datenschutzbedenken und keine zureichenden Garantien  dass die Daten der EU—Bürger nicht an Big—Dat—Unternehmen verkauft werden und dass unsere Daten angemessen vor Cyber—Angriffen geschützt sind,66
336,eu9_45914,Maximilian Krah,2021-04-28,"Wir sollten also nicht nur darauf achten, Internet zu überwachen und der Polizei neue Kompetenzen zu geben, sondern endlich auch aufhören, Terrorismus nach Europa zu importieren.",Wir sollten also nicht nur darauf achten  Internet zu überwachen und der Polizei neue Kompetenzen zu geben  sondern endlich auch aufhören  Terrorismus nach Europa zu importieren,26
337,eu9_46093,Joachim Kuhs,2021-04-27,"Zum Beispiel: Das Wort „Gender“ wird nun 76 Mal erwähnt, das Wort „Klima“ 75 Mal; das Wort „Unregelmäßigkeiten“ allerdings leider nur noch 24 Mal und das Wort „Sanktionen“ nur noch zweimal – und der Begriff „Nulltoleranz gegenüber Betrug“ exakt null Mal. Gender-Mainstreaming, EU-Superstaat, LGBT und Klimawandel sind nun im Bericht prominent vertreten. Im Sinne der Steuerzahler wäre es aber prominent hervorzuheben, wie wir Betrug, Unregelmäßigkeiten und unrechtmäßige Ausgaben der Steuergelder vermeiden – das wäre im Sinne der Steuerzahler. Daher frage ich mich: Warum machen Sie immer und überall Gender—Mainstreaming—Politik, setzen sich aber nicht wirklich für Familien ein? Warum sehen Sie überall Diskriminierung, schweigen aber betreten und ertappt, wenn es um das Leben ungeborener Kinder geht? Warum propagieren Sie eigentlich diese EU-Zivilreligion anstelle jener Tugenden, die Europa – nicht die EU – erfolgreich gemacht haben? Werte Kollegen! Was soll das alles?",Zum Beispiel  Das Wort „ Gender “ wird nun 76 Mal erwähnt  das Wort „ Klima “ 75 Mal  das Wort „ Unregelmäßigkeiten “ allerdings leider nur noch 24 Mal und das Wort „ Sanktionen “ nur noch zweimal – und der Begriff „ Nulltoleranz gegenüber Betrug “ exakt null Mal  GenderMainstreaming  EUSuperstaat  LGBT und Klimawandel sind nun im Bericht prominent vertreten  Im Sinne der Steuerzahler wäre es aber prominent hervorzuheben  wie wir Betrug  Unregelmäßigkeiten und unrechtmäßige Ausgaben der Steuergelder vermeiden – das wäre im Sinne der Steuerzahler  Daher frage ich mich  Warum machen Sie immer und überall Gender—Mainstreaming—Politik  setzen sich aber nicht wirklich für Familien ein  Warum sehen Sie überall Diskriminierung  schweigen aber betreten und ertappt  wenn es um das Leben ungeborener Kinder geht  Warum propagieren Sie eigentlich diese EUZivilreligion anstelle jener Tugenden  die Europa – nicht die EU – erfolgreich gemacht haben  Werte Kollegen  Was soll das alles,150
338,eu9_46154,Guido Reil,2021-04-27,"Frau Präsidentin, liebe Kolleginnen und Kollegen! 2007 wurde der Europäische Fonds für die Anpassung an die Globalisierung eingeführt. Ziel ist es, Arbeitnehmer, die ihren Job infolge einer Qualifizierung verloren haben, zu qualifizieren und umzuschulen. Also grundsätzlich eine gute Sache – das ist zum Beispiel bei Nokia und Opel in Bochum passiert. Nur nutzt die beste Qualifizierung nichts, wenn es keine gut bezahlten Jobs gibt – und so arbeiten in Deutschland heute leider viele Hochqualifizierte im Niedriglohnsektor, zum Beispiel bei Amazon. Wir diskutieren heute darüber, diesen Fonds deutlich aufzustocken – das ist gut, denn das ist dringend nötig; und wir reden auch darüber, ihn umzubenennen – das finde ich sehr ehrlich – in „Fonds für den Wandel“. Gemeint ist der grüne Wandel, und tatsächlich ist es so, dass der Green Deal – und die Klimaziele der Europäischen Union – in den nächsten Jahren viele Millionen gut bezahlter und wertschützender Arbeitsplätze zerstören wird.",Frau Präsidentin  liebe Kolleginnen und Kollegen  2007 wurde der Europäische Fonds für die Anpassung an die Globalisierung eingeführt  Ziel ist es  Arbeitnehmer  die ihren Job infolge einer Qualifizierung verloren haben  zu qualifizieren und umzuschulen  Also grundsätzlich eine gute Sache – das ist zum Beispiel bei Nokia und Opel in Bochum passiert  Nur nutzt die beste Qualifizierung nichts  wenn es keine gut bezahlten Jobs gibt – und so arbeiten in Deutschland heute leider viele Hochqualifizierte im Niedriglohnsektor  zum Beispiel bei Amazon  Wir diskutieren heute darüber  diesen Fonds deutlich aufzustocken – das ist gut  denn das ist dringend nötig  und wir reden auch darüber  ihn umzubenennen – das finde ich sehr ehrlich – in „ Fonds für den Wandel “  Gemeint ist der grüne Wandel  und tatsächlich ist es so  dass der Green Deal – und die Klimaziele der Europäischen Union – in den nächsten Jahren viele Millionen gut bezahlter und wertschützender Arbeitsplätze zerstören wird,153
339,eu9_46154,Guido Reil,2021-04-27,"Zerstören wird. Besonders erwähnen möchte ich hier die Automobilindustrie – das Rückgrat der deutschen Wirtschaft. Dieses Rückgrat wird durch die einseitige Unterstützung der E—Mobilität gebrochen werden. Allein in Deutschland sind hier 410 000 Arbeitsplätze gefährdet, und das ohne Sinn und Verstand und ohne irgendeinen Nutzen fürs Klima. Deutschland ist verantwortlich für 2 % des weltweiten CO2–Ausstoßes, die EU für knapp 10 %. Pkw tragen zu 14,2 % dazu bei; die Pkw in Europa stoßen 534 Millionen Tonnen CO2 aus. So viel stößt China in drei Wochen aus. Das ist Irrsinn. Der Green Deal ist das Ende des Wohlstands und des sozialen Friedens in der EU.",Zerstören wird  Besonders erwähnen möchte ich hier die Automobilindustrie – das Rückgrat der deutschen Wirtschaft  Dieses Rückgrat wird durch die einseitige Unterstützung der E—Mobilität gebrochen werden  Allein in Deutschland sind hier 410   000   Arbeitsplätze gefährdet  und das ohne Sinn und Verstand und ohne irgendeinen Nutzen fürs Klima  Deutschland ist verantwortlich für 2    des weltweiten CO2–Ausstoßes  die EU für knapp 10     Pkw tragen zu 142    dazu bei  die Pkw in Europa stoßen 534   Millionen Tonnen CO2 aus  So viel stößt China in drei Wochen aus  Das ist Irrsinn  Der Green Deal ist das Ende des Wohlstands und des sozialen Friedens in der EU,102
340,eu9_46553,Bernhard Zimniok,2021-03-25,"Die EU sollte sich deshalb dringend vorrangig der Bewältigung ihrer eigenen Probleme widmen, statt sich noch weitere aufzuhalsen.",Die EU sollte sich deshalb dringend vorrangig der Bewältigung ihrer eigenen Probleme widmen  statt sich noch weitere aufzuhalsen,18
341,eu9_46935,Gunnar Beck,2021-03-11,"Frau Präsidentin! Im Februar billigte dieses Haus den schuldenfinanzierten und somit vertragswidrigen 670 Milliarden schweren EU-Aufbaufonds mit fast stalinistischer Mehrheit. Die Schulden wurden nirgends verbucht. Das Geld sei Konjunkturprogramm für Südeuropa, doch vorgemerkt ist es bereits für McKinsey-Beraterhonorare, Steuersenkungen und Einreiseprämien für Migranten. Nehmerstaaten sollen bis Ende April nationale Sanierungs- und Aufbaupläne vorlegen. Beurteilt werden die Pläne von der EU-Kommission und ungewählten NGOs, die jetzt schon die Politik viel zu sehr mitbestimmen. Die EU braucht Investitionen in Bildung und Zukunftsbranchen, keine kulturrevolutionäre Wirtschaftspolitik oder Staatsaufträge für zwielichtige Consultants, die Unternehmen zerlegen und Europa nicht reindustrialisieren, sondern deindustrialisieren.",Frau Präsidentin  Im Februar billigte dieses Haus den schuldenfinanzierten und somit vertragswidrigen 670   Milliarden schweren EUAufbaufonds mit fast stalinistischer Mehrheit  Die Schulden wurden nirgends verbucht  Das Geld sei Konjunkturprogramm für Südeuropa  doch vorgemerkt ist es bereits für McKinseyBeraterhonorare  Steuersenkungen und Einreiseprämien für Migranten  Nehmerstaaten sollen bis Ende April nationale Sanierungs und Aufbaupläne vorlegen  Beurteilt werden die Pläne von der EUKommission und ungewählten NGOs  die jetzt schon die Politik viel zu sehr mitbestimmen  Die EU braucht Investitionen in Bildung und Zukunftsbranchen  keine kulturrevolutionäre Wirtschaftspolitik oder Staatsaufträge für zwielichtige Consultants  die Unternehmen zerlegen und Europa nicht reindustrialisieren  sondern deindustrialisieren,97
342,eu9_47092,Maximilian Krah,2021-03-11,"Es ist für uns inakzeptabel, dass wir einerseits Zusagen der Entwicklungshilfe machen, aber andererseits der vereinbarte Abzugstermin der westlichen Allianz weiter nach hinten aufgeschoben wird.",Es ist für uns inakzeptabel  dass wir einerseits Zusagen der Entwicklungshilfe machen  aber andererseits der vereinbarte Abzugstermin der westlichen Allianz weiter nach hinten aufgeschoben wird,25
343,eu9_47151,Maximilian Krah,2021-03-10,"Frau Präsidentin, liebe Kollegen! Das Gegenteil von gut ist gut gemeint. Und niemand bestreitet hier, dass die europaweite Koordinierung der Haushaltspolitiken gut gemeint ist. Aber die Ergebnisse, die wir erleben, sind eben, dass die Europäische Union der große globale Wirtschaftsraum mit der niedrigsten Investitionskraft und seit Jahren mit dem niedrigsten Wirtschaftswachstum ist. Und wir lösen das Problem nicht, wenn wir, wie hier teilweise gefordert, nun auch noch diese Koordination mit dem Gedanken des Klimaschutzes oder der Gleichberechtigung der Geschlechter aufladen, sondern Innovation und Wirtschaftswachstum kommen aus Freiheit und aus weniger staatlicher Koordination. Und deshalb stellt sich die Frage, ob die Forderung nach immer mehr europäischer Zentralisierung, Regulierung und Kooperation richtig ist oder ob wir nicht Wettbewerb zwischen verschiedenen nationalstaatlichen Ansätzen und mehr Freiheit für die Akteure der Wirtschaft brauchen.",Frau Präsidentin  liebe Kollegen  Das Gegenteil von gut ist gut gemeint  Und niemand bestreitet hier  dass die europaweite Koordinierung der Haushaltspolitiken gut gemeint ist  Aber die Ergebnisse  die wir erleben  sind eben  dass die Europäische Union der große globale Wirtschaftsraum mit der niedrigsten Investitionskraft und seit Jahren mit dem niedrigsten Wirtschaftswachstum ist  Und wir lösen das Problem nicht  wenn wir  wie hier teilweise gefordert  nun auch noch diese Koordination mit dem Gedanken des Klimaschutzes oder der Gleichberechtigung der Geschlechter aufladen  sondern Innovation und Wirtschaftswachstum kommen aus Freiheit und aus weniger staatlicher Koordination  Und deshalb stellt sich die Frage  ob die Forderung nach immer mehr europäischer Zentralisierung  Regulierung und Kooperation richtig ist oder ob wir nicht Wettbewerb zwischen verschiedenen nationalstaatlichen Ansätzen und mehr Freiheit für die Akteure der Wirtschaft brauchen,129
344,eu9_47151,Maximilian Krah,2021-03-10,"So schaffen wir eher Vollbeschäftigung und Wirtschaftswachstum als durch immer mehr Staat, immer mehr Konferenzen und immer mehr Koordination.",So schaffen wir eher Vollbeschäftigung und Wirtschaftswachstum als durch immer mehr Staat  immer mehr Konferenzen und immer mehr Koordination,19
345,eu9_47256,Christine Anderson,2021-03-10,"Denn Sie, die weltoffene, toleranzbesoffene, zur Weltverschlimmbesserung fest entschlossene Brüsseler Schickeria-Polit-Elite, Sie lassen sich ihre kunterbunte, klimaneutrale, genderwahnbesessene, weltfriedenverheißende Multi-Kulti-Tralala-Welt von niemandem kaputtmachen – auch nicht von einer pluralistischen und freien Presse, nicht wahr? Hören Sie doch endlich mal auf, mit dem Finger auf andere zu zeigen. Kehren Sie vor Ihrer eigenen Türe. Da hätten Sie weiß Gott mehr als genug zu tun.",Denn Sie  die weltoffene  toleranzbesoffene  zur Weltverschlimmbesserung fest entschlossene Brüsseler SchickeriaPolitElite  Sie lassen sich ihre kunterbunte  klimaneutrale  genderwahnbesessene  weltfriedenverheißende MultiKultiTralalaWelt von niemandem kaputtmachen – auch nicht von einer pluralistischen und freien Presse  nicht wahr  Hören Sie doch endlich mal auf  mit dem Finger auf andere zu zeigen  Kehren Sie vor Ihrer eigenen Türe  Da hätten Sie weiß Gott mehr als genug zu tun,63
346,eu9_47410,Gunnar Beck,2021-03-09,"Frau Präsidentin! InvestEU flankiert das NextGenerationEU-Programm – gepriesen als Konjunkturprogramm und Weg aus der Krise. Eine Krise, verursacht durch Missmanagement und monatelangen Lockdown, das primitivste Mittel im Kampf gegen eine mittelschwere Epidemie. Die EU frohlockt, Europa schafft sich ab. China indes macht längst wieder Rekordgeschäfte. Und um eigenes Versagen und Impfstoffskandal zu vertuschen, schmeißt die EU das Geld nun zum Fenster hinaus für sterile Anlagegüter und Ideologieprojekte wie Euro, Klimarettung und Zuwanderung, umwelt- und entwicklungspolitische Geniestreiche bei 9 % EU-Beitrag zu den weltweiten CO2-Emissionen und fast einer Million Geburten in Afrika jede Woche. Dafür nun leiht sich die EU 750 Milliarden Euro – vertragswidrig, denn die EU-Verträge verbieten EU-Verschuldung und stellen klar: Der EU-Haushalt „ist vollständig aus Eigenmitteln zu finanzieren“. Verbucht werden die illegalen Schulden nirgends.",Frau Präsidentin  InvestEU flankiert das NextGenerationEUProgramm – gepriesen als Konjunkturprogramm und Weg aus der Krise  Eine Krise  verursacht durch Missmanagement und monatelangen Lockdown  das primitivste Mittel im Kampf gegen eine mittelschwere Epidemie  Die EU frohlockt  Europa schafft sich ab  China indes macht längst wieder Rekordgeschäfte  Und um eigenes Versagen und Impfstoffskandal zu vertuschen  schmeißt die EU das Geld nun zum Fenster hinaus für sterile Anlagegüter und Ideologieprojekte wie Euro  Klimarettung und Zuwanderung  umwelt und entwicklungspolitische Geniestreiche bei 9    EUBeitrag zu den weltweiten CO2Emissionen und fast einer Million Geburten in Afrika jede Woche  Dafür nun leiht sich die EU 750   Milliarden Euro – vertragswidrig  denn die EUVerträge verbieten EUVerschuldung und stellen klar  Der EUHaushalt „ ist vollständig aus Eigenmitteln zu finanzieren “  Verbucht werden die illegalen Schulden nirgends,127
347,eu9_47410,Gunnar Beck,2021-03-09,"Im Klartext: Die EU betreibt falsche Buchführung und bricht wie immer ihr eigenes Recht. InvestEU ist nun mit 35 bis 40 Milliarden Euro nur Wechselgeld. Doch selbst das fließt nicht in Zukunftsinvestitionen, sondern in die Taschen von Windparkbaronen und grünen Finanzjongleuren. Und da das Geld auch für freundliche Nachbarländer wie die Türkei und Hochtechnologiezentren wie Albanien gedacht ist, finanzieren wir fortan auch albanische Bioziegenfarmen und Elektrobusse in der Türkei. Das ist kein Investitionsprogramm für die nächste Generation, sondern der Abgesang eines Kontinents ohne Zukunft.",Im Klartext  Die EU betreibt falsche Buchführung und bricht wie immer ihr eigenes Recht  InvestEU ist nun mit 35   bis 40   Milliarden Euro nur Wechselgeld  Doch selbst das fließt nicht in Zukunftsinvestitionen  sondern in die Taschen von Windparkbaronen und grünen Finanzjongleuren  Und da das Geld auch für freundliche Nachbarländer wie die Türkei und Hochtechnologiezentren wie Albanien gedacht ist  finanzieren wir fortan auch albanische Bioziegenfarmen und Elektrobusse in der Türkei  Das ist kein Investitionsprogramm für die nächste Generation  sondern der Abgesang eines Kontinents ohne Zukunft,84
348,eu9_47545,Maximilian Krah,2021-03-09,"Es geht also offensichtlich nicht um die Probleme der Bürger mit dem großen Bürokratiemoloch EU, sondern es geht darum, dass viele gut bezahlte Stellen dafür da sind, diesem Moloch EU noch besser zur Macht zu verhelfen. Und deshalb haben wir Bedenken dagegen.",Es geht also offensichtlich nicht um die Probleme der Bürger mit dem großen Bürokratiemoloch EU  sondern es geht darum  dass viele gut bezahlte Stellen dafür da sind  diesem Moloch EU noch besser zur Macht zu verhelfen  Und deshalb haben wir Bedenken dagegen,42
349,eu9_47570,Guido Reil,2021-03-09,"So überstehen wir die Krise zum Wohle unseres Landes, zum Wohle von Deutschland.",So überstehen wir die Krise zum Wohle unseres Landes  zum Wohle von Deutschland,13
350,eu9_47650,Bernhard Zimniok,2021-03-09,"Damit würde auch Erdogan sein Flüchtlingsdruckmittel verlieren, welches ihm die EU in ihrer Dummheit zu Füßen gelegt hat. Also, mit Assad reden, syrische Flüchtlinge heimschicken und den Wiederaufbau Syriens unterstützen.",Damit würde auch Erdogan sein Flüchtlingsdruckmittel verlieren  welches ihm die EU in ihrer Dummheit zu Füßen gelegt hat  Also  mit Assad reden  syrische Flüchtlinge heimschicken und den Wiederaufbau Syriens unterstützen,30
351,eu9_47706,Markus Buchheit,2021-03-08,"Herr Präsident, sehr geehrte Damen und Herren, liebe Kollegen! Unternehmerische Freiheit war seit jeher die Grundlage unseres Wohlstands. Wie sehr dieses Prinzip jetzt ausgehebelt wird, das zeigt sich nirgends deutlicher als am CBAM-Mechanismus. Erst verzerren die immer gleichen und nicht immer grünen Klimaapokalyptiker den Markt mit Subventionen und Verboten so sehr, dass hunderttausende Arbeiter Sorge um ihre Arbeitsplätze haben müssen, dass unseren Unternehmen ihre Wettbewerbs- und Konkurrenzfähigkeit entzogen wird – noch dazu auf ihrem eigenen Markt –, und dann inszenieren sich genau diese Politiker wiederum als große Retter, indem sie einen Protektionismus betreiben, den sie zuvor bei anderen verurteilt haben. Unsere Unternehmen müssten gar nicht geschützt werden, wenn sie nicht von den eigenen Politikern bedroht würden.",Herr Präsident  sehr geehrte Damen und Herren  liebe Kollegen  Unternehmerische Freiheit war seit jeher die Grundlage unseres Wohlstands  Wie sehr dieses Prinzip jetzt ausgehebelt wird  das zeigt sich nirgends deutlicher als am CBAMMechanismus  Erst verzerren die immer gleichen und nicht immer grünen Klimaapokalyptiker den Markt mit Subventionen und Verboten so sehr  dass hunderttausende Arbeiter Sorge um ihre Arbeitsplätze haben müssen  dass unseren Unternehmen ihre Wettbewerbs und Konkurrenzfähigkeit entzogen wird – noch dazu auf ihrem eigenen Markt –  und dann inszenieren sich genau diese Politiker wiederum als große Retter  indem sie einen Protektionismus betreiben  den sie zuvor bei anderen verurteilt haben  Unsere Unternehmen müssten gar nicht geschützt werden  wenn sie nicht von den eigenen Politikern bedroht würden,116
352,eu9_48236,Gunnar Beck,2021-02-10,"Frau Präsidentin! Nach der Finanzkrise von 2008 und billionenschweren Rettungspaketen für Banken und Finanzjongleure wurden Offenlegungs- und Berichtsauflagen für die Finanzbranche erhöht – ein Zugeständnis an allgemeine Entrüstung über die Sozialisierung privater Verluste ohne Rückgriff auf private Gewinne. Das Ergebnis: Hekatomben Papier und höhere Gebühren für Anleger. Infolge unverhältnismäßiger Lockdowns als Antwort auf eine milde Epidemie, die Ostasien schnell eindämmte, doch die EU überfordert, erlebt die EU gerade den größten Wirtschaftseinbruch in Friedenszeiten. Die Antwort: Dieses Haus stimmt für 750 Milliarden illegale EU-Schulden und einen Aufbaufonds gegen Klimawandel und für mehr Migration – so sinnvoll in etwa für den Aufbau wie die Bewässerung der Sahara. Doch die Wüste wächst und dürstet nach privaten Investitionen. Damit dies geschehe, werden Offenlegungspflichten nun wieder gelockert, denn der Green Deal hat Vorrang vor Stabilität.",Frau Präsidentin  Nach der Finanzkrise von 2008 und billionenschweren Rettungspaketen für Banken und Finanzjongleure wurden Offenlegungs und Berichtsauflagen für die Finanzbranche erhöht – ein Zugeständnis an allgemeine Entrüstung über die Sozialisierung privater Verluste ohne Rückgriff auf private Gewinne  Das Ergebnis  Hekatomben Papier und höhere Gebühren für Anleger  Infolge unverhältnismäßiger Lockdowns als Antwort auf eine milde Epidemie  die Ostasien schnell eindämmte  doch die EU überfordert  erlebt die EU gerade den größten Wirtschaftseinbruch in Friedenszeiten  Die Antwort  Dieses Haus stimmt für 750   Milliarden illegale EUSchulden und einen Aufbaufonds gegen Klimawandel und für mehr Migration – so sinnvoll in etwa für den Aufbau wie die Bewässerung der Sahara  Doch die Wüste wächst und dürstet nach privaten Investitionen  Damit dies geschehe  werden Offenlegungspflichten nun wieder gelockert  denn der Green Deal hat Vorrang vor Stabilität,130
353,eu9_48236,Gunnar Beck,2021-02-10,"Entweder Offenlegung und Transparenz stabilisieren die Märkte oder sie hemmen Investitionen und Wirtschaft. Entweder – oder. Sie wissen es selbst nicht, und was Sie hier treiben, wird scheitern, weil das Geld nicht in Zukunftsindustrien, sondern in Weltrettungsprojekte fließt und Traumtänzereien.",Entweder Offenlegung und Transparenz stabilisieren die Märkte oder sie hemmen Investitionen und Wirtschaft  Entweder – oder  Sie wissen es selbst nicht  und was Sie hier treiben  wird scheitern  weil das Geld nicht in Zukunftsindustrien  sondern in Weltrettungsprojekte fließt und Traumtänzereien,40
354,eu9_48248,Maximilian Krah,2021-02-10,"Wir werden gleichwohl zustimmen, weil uns der Spatz in der Hand lieber ist als die Taube auf dem Dach, und insbesondere freut uns, dass die Positionsbegrenzungsregulierung für Warenderivate der Industrie reduziert werden kann – das ist das, was die deutsche und europäische klein- und mittelständische Industrie benötigt. Wir werden also zustimmen; es darf dabei aber nicht bleiben. Die Wirtschaft in der Eurozone braucht weniger linksgrüne Überregulierung und mehr Vertrauen und mehr Freiheiten, und das schafft Wohlstand.",Wir werden gleichwohl zustimmen  weil uns der Spatz in der Hand lieber ist als die Taube auf dem Dach  und insbesondere freut uns  dass die Positionsbegrenzungsregulierung für Warenderivate der Industrie reduziert werden kann – das ist das  was die deutsche und europäische klein und mittelständische Industrie benötigt  Wir werden also zustimmen  es darf dabei aber nicht bleiben  Die Wirtschaft in der Eurozone braucht weniger linksgrüne Überregulierung und mehr Vertrauen und mehr Freiheiten  und das schafft Wohlstand,76
355,eu9_48259,Joachim Kuhs,2021-02-10,"Akzeptieren Sie einfach die biologischen Unterschiede von Mann und Frau und hören Sie auf, dem Schöpfer ins Handwerk zu pfuschen.",Akzeptieren Sie einfach die biologischen Unterschiede von Mann und Frau und hören Sie auf  dem Schöpfer ins Handwerk zu pfuschen,20
356,eu9_48342,Joachim Kuhs,2021-02-09,"Wie wollen Sie das tun? Und spätestens dann, wenn die Bürger merken, dass man diese Bonds nicht essen kann, dann werden sie merken, dass hier irgendetwas völlig falsch gelaufen ist.",Wie wollen Sie das tun  Und spätestens dann  wenn die Bürger merken  dass man diese Bonds nicht essen kann  dann werden sie merken  dass hier irgendetwas völlig falsch gelaufen ist,30
357,eu9_48386,Gunnar Beck,2021-02-09,"Und fließen soll nun das Geld in sterile Anlagegüter und billionenteure Traumtänzereien wie Euro, Klimarettung und Zuwanderung, die bei 9 % EU-Beitrag zu den weltweiten CO2—Emissionen und einer Million Geburten pro Wochen in Afrika sinnloser sind als die Bewässerung der Sahara. Das ist kein Plan für die Nächste Generation, sondern die Agonie und der Abgesang eines Kontinents ohne Zukunft.",Und fließen soll nun das Geld in sterile Anlagegüter und billionenteure Traumtänzereien wie Euro  Klimarettung und Zuwanderung  die bei 9    EUBeitrag zu den weltweiten CO2—Emissionen und einer Million Geburten pro Wochen in Afrika sinnloser sind als die Bewässerung der Sahara  Das ist kein Plan für die Nächste Generation  sondern die Agonie und der Abgesang eines Kontinents ohne Zukunft,58
358,eu9_48576,Bernhard Zimniok,2021-02-09,"Diese Sender zu sperren, da deren Beiträge den politischen Entscheidungsträgern offensichtlich nicht gefallen haben, ist ein inakzeptabler Angriff auf die Meinungsfreiheit. Die Ukraine scheint unter Selenskyj nicht den erhofften Weg der Reformen zu gehen und stattdessen der US-Doktrin zu folgen und sich an Russland abzuarbeiten. Dabei könnte die Ukraine hervorragend als Brücke zwischen der EU und Russland dienen. Solange sich das nicht ändert, sollte die EU Hilfen und Kredite aussetzen.",Diese Sender zu sperren  da deren Beiträge den politischen Entscheidungsträgern offensichtlich nicht gefallen haben  ist ein inakzeptabler Angriff auf die Meinungsfreiheit  Die Ukraine scheint unter Selenskyj nicht den erhofften Weg der Reformen zu gehen und stattdessen der USDoktrin zu folgen und sich an Russland abzuarbeiten  Dabei könnte die Ukraine hervorragend als Brücke zwischen der EU und Russland dienen  Solange sich das nicht ändert  sollte die EU Hilfen und Kredite aussetzen,70
359,eu9_48614,Gunnar Beck,2021-02-08,"Herr Präsident, Madame Lagarde, dieser Bericht warnt zu Recht vor Immobilienblasen und TARGET2-Risiken. Doch die Kritik ist sparsam, groß aber verfehltes Lob. Größer aber noch ist die Not. Der Euro ist eine Missgeburt, ein Minotaurus, den die Bundesbank mit jährlich 100 Milliarden Euro unbesicherten TARGET2-Krediten befriedet und befriedigt – bislang insgesamt 1,2 Billionen Euro. Immobilien werden unbezahlbar, Löhne sinken, Steuern und Schulden steigen, nur Reiche werden reicher. Seit 2015 druckt die EZB mehr Geld als irgendeine Notenbank irgendwann, irgendwo. Doch das Wachstum ist geringer als fast irgendwo sonst. Seit COVID schrumpft die EU-Wirtschaft schneller noch als die EZB druckt. Und wohin fließt die EZB-Geldschwemme? Nicht in Realwirtschaft, private Haushalte oder Zukunftsbranchen, sondern in sterile Anlagegüter für Superreiche und billionenteure Traumtänzereien wie Euro, Klimarettung und Zuwanderung. Zins ist der Preis für Zeit.",Herr Präsident  Madame Lagarde  dieser Bericht warnt zu Recht vor Immobilienblasen und TARGET2Risiken  Doch die Kritik ist sparsam  groß aber verfehltes Lob  Größer aber noch ist die Not  Der Euro ist eine Missgeburt  ein Minotaurus  den die Bundesbank mit jährlich 100   Milliarden Euro unbesicherten TARGET2Krediten befriedet und befriedigt – bislang insgesamt 12   Billionen Euro  Immobilien werden unbezahlbar  Löhne sinken  Steuern und Schulden steigen  nur Reiche werden reicher  Seit 2015 druckt die EZB mehr Geld als irgendeine Notenbank irgendwann  irgendwo  Doch das Wachstum ist geringer als fast irgendwo sonst  Seit COVID schrumpft die EUWirtschaft schneller noch als die EZB druckt  Und wohin fließt die EZBGeldschwemme  Nicht in Realwirtschaft  private Haushalte oder Zukunftsbranchen  sondern in sterile Anlagegüter für Superreiche und billionenteure Traumtänzereien wie Euro  Klimarettung und Zuwanderung  Zins ist der Preis für Zeit,131
360,eu9_48925,Maximilian Krah,2021-01-20,"Aber das Abschalten eines Twitter-Accounts mit 80 Millionen Followern ist ein größerer Anschlag auf die Demokratie und den freien Meinungsaustausch. Insofern kann ich auch die Sieger nur bitten, im Moment des Sieges Demut und Vernunft walten zu lassen und nicht triumphieren.",Aber das Abschalten eines TwitterAccounts mit 80   Millionen Followern ist ein größerer Anschlag auf die Demokratie und den freien Meinungsaustausch  Insofern kann ich auch die Sieger nur bitten  im Moment des Sieges Demut und Vernunft walten zu lassen und nicht triumphieren,41
361,eu9_49071,Gunnar Beck,2021-01-20,"Frau Präsidentin! Die EU hat bei Corona versagt – medizinisch und wirtschaftlich. Wir haben Rekordsterberaten und mit Großbritannien die schlechtesten Wirtschaftsdaten weltweit. China indes wächst und schreibt Rekordexporte. Nun bestellt die Kommission noch zu wenig Impfstoff, und so sterben hier unnötig mehr Bürger und Unternehmen als in Russland, China oder Albanien. Um Versagen zu vertuschen, plant von der Leyen Rekordausgaben von 1,8 Billionen. Dafür leiht sie sich vertragswidrig 750 Milliarden – vertragswidrig, denn Artikel 310 AEUV verlangt: „Der EU-Haushalt ist in Einnahmen und Ausgaben auszugleichen“, und 311 fügt hinzu: „Der EU-Haushalt wird unbeschadet der sonstigen Einnahmen vollständig aus Eigenmitteln finanziert.“ Nur verbucht werden die illegalen Schulden nirgends. Bestimmt ist das Geld für Green Deal und EU-Migrationspakt, obwohl die EU nur 9 % aller CO2-Emission generiert und Millionen Migranten unseren Sozialstaat zerstören, ohne Afrika zu entwickeln.",Frau Präsidentin  Die EU hat bei Corona versagt – medizinisch und wirtschaftlich  Wir haben Rekordsterberaten und mit Großbritannien die schlechtesten Wirtschaftsdaten weltweit  China indes wächst und schreibt Rekordexporte  Nun bestellt die Kommission noch zu wenig Impfstoff  und so sterben hier unnötig mehr Bürger und Unternehmen als in Russland  China oder Albanien  Um Versagen zu vertuschen  plant von der Leyen Rekordausgaben von 18   Billionen  Dafür leiht sie sich vertragswidrig 750 Milliarden – vertragswidrig  denn Artikel   310 AEUV verlangt  „ Der EUHaushalt ist in Einnahmen und Ausgaben auszugleichen “  und 311 fügt hinzu  „ Der EUHaushalt wird unbeschadet der sonstigen Einnahmen vollständig aus Eigenmitteln finanziert  “ Nur verbucht werden die illegalen Schulden nirgends  Bestimmt ist das Geld für Green Deal und EUMigrationspakt  obwohl die EU nur 9    aller CO2Emission generiert und Millionen Migranten unseren Sozialstaat zerstören  ohne Afrika zu entwickeln,138
362,eu9_49091,Guido Reil,2021-01-20,"Dass die EU Schulden aufnimmt, obwohl ihr keine eigene Staatlichkeit und Finanzhoheit zustehen, dass das Geld an den Parlamenten und ihrem Haushaltsrecht vorbei verteilt wird, ist ein Verstoß gegen Demokratie und Recht. Das Endergebnis ist, dass in dieser Transferunion 40 % der EU-Bevölkerung die übrigen 60 % mitfinanzieren.",Dass die EU Schulden aufnimmt  obwohl ihr keine eigene Staatlichkeit und Finanzhoheit zustehen  dass das Geld an den Parlamenten und ihrem Haushaltsrecht vorbei verteilt wird  ist ein Verstoß gegen Demokratie und Recht  Das Endergebnis ist  dass in dieser Transferunion 40    der EUBevölkerung die übrigen 60    mitfinanzieren,46
363,eu9_49132,Guido Reil,2021-01-20,"Nach dieser schicken Sanierung wurden genau diese Menschen in Wohnbaracken verdrängt, oder sie wurden gar in die Obdachlosigkeit gedrängt, und gekommen sind neue Bewohner. In erster Linie Grünen-Wähler, die sich dieses schicke Umfeld leisten können. Die grüne Politik ist eine Politik der sozialen Kälte, der Eiseskälte, und das dürfen wir nicht zulassen. Wir brauchen echte soziale Politik für echte Menschen!",Nach dieser schicken Sanierung wurden genau diese Menschen in Wohnbaracken verdrängt  oder sie wurden gar in die Obdachlosigkeit gedrängt  und gekommen sind neue Bewohner  In erster Linie GrünenWähler  die sich dieses schicke Umfeld leisten können  Die grüne Politik ist eine Politik der sozialen Kälte  der Eiseskälte  und das dürfen wir nicht zulassen  Wir brauchen echte soziale Politik für echte Menschen,60
364,eu9_49143,Guido Reil,2021-01-20,Deswegen muss dieses Problem national von den Sozialpartnern und selbstverständlich von den Tarifpartnern gelöst werden.,Deswegen muss dieses Problem national von den Sozialpartnern und selbstverständlich von den Tarifpartnern gelöst werden,15
365,eu9_49603,Maximilian Krah,2021-01-18,"Wir haben es heute gehört: Auch der Klimawandel soll beteiligt sein, wenn es darum geht, das kulturelle Erbe zu schützen. Ich glaube nicht, dass sich Beethoven, Baudelaire oder Balzac über den Klimawandel Gedanken gemacht haben. Wenn wir Kultur schützen wollen, dann die, die da ist, und nicht die, die wir konstruieren. Dann wollen wir der Menschen gedenken, die uns vorangegangen sind, und keine Auswahl treffen, indem wir die Denkmäler stürzen. Deshalb haben wir zu dem Vorschlag, der hier im Raum ist, Änderungen eingebracht. Wir bitten Sie, diese Änderungen zu prüfen, damit wir das echte kulturelle Erbe Europas schützen und nicht ein konstruiertes Fake-Erbe, das nur plumper gegenwärtiger Politik dient.",Wir haben es heute gehört  Auch der Klimawandel soll beteiligt sein  wenn es darum geht  das kulturelle Erbe zu schützen  Ich glaube nicht  dass sich Beethoven  Baudelaire oder Balzac über den Klimawandel Gedanken gemacht haben  Wenn wir Kultur schützen wollen  dann die  die da ist  und nicht die  die wir konstruieren  Dann wollen wir der Menschen gedenken  die uns vorangegangen sind  und keine Auswahl treffen  indem wir die Denkmäler stürzen  Deshalb haben wir zu dem Vorschlag  der hier im Raum ist  Änderungen eingebracht  Wir bitten Sie  diese Änderungen zu prüfen  damit wir das echte kulturelle Erbe Europas schützen und nicht ein konstruiertes FakeErbe  das nur plumper gegenwärtiger Politik dient,109
366,eu9_49626,Gunnar Beck,2021-01-18,"Die EU gleicht täglich mehr einem antiautoritären Kindergarten für schwer erziehbare Kinder, die belohnt werden, bevor sie sich bessern. NextGenerationEU ist auf dem schnellsten Wege in die säkulare Stagnation – säkular nicht für weltlich, sondern für langfristig und wohl alle Zeiten.",Die EU gleicht täglich mehr einem antiautoritären Kindergarten für schwer erziehbare Kinder  die belohnt werden  bevor sie sich bessern  NextGenerationEU ist auf dem schnellsten Wege in die säkulare Stagnation – säkular nicht für weltlich  sondern für langfristig und wohl alle Zeiten,41
367,eu9_49746,Guido Reil,2020-12-17,"In dieser Sitzung hat das Parlament für ein starkes soziales Europa plädiert. Wie weit ist das Parlament eigentlich von der Realität entfernt? Die verschärften Klimamaßnahmen, die vom Europäischen Rat gebilligt wurden, werden unseren Wohlstand, worauf unsere Sozialleistungen beruhen, weiter untergraben. Diese Politik nimmt die energieintensiven Industrien in die Zange und beschleunigt die Deindustrialisierung. Nach einer Studie, die im September 2020 von der deutschen Industrie- und Handelskammer vorgestellt wurde, werden diese neuen Vorgaben zu einer weiteren Verschärfung des europäischen Emissionshandelssystems führen. Die hohen CO2-Preise haben eine große Einwirkung auf industrielle Unternehmen, die ja Teil dieses Emissionshandelssystems sind. Wenn nur Unternehmen innerhalb der Europäischen Union diese Kosten tragen müssen, gibt es ein sehr großes Risiko, dass diese Betriebe ihre Aktivitäten verlagern.",In dieser Sitzung hat das Parlament für ein starkes soziales Europa plädiert  Wie weit ist das Parlament eigentlich von der Realität entfernt  Die verschärften Klimamaßnahmen  die vom Europäischen Rat gebilligt wurden  werden unseren Wohlstand  worauf unsere Sozialleistungen beruhen  weiter untergraben  Diese Politik nimmt die energieintensiven Industrien in die Zange und beschleunigt die Deindustrialisierung  Nach einer Studie  die im September 2020 von der deutschen Industrie und Handelskammer vorgestellt wurde  werden diese neuen Vorgaben zu einer weiteren Verschärfung des europäischen Emissionshandelssystems führen  Die hohen CO2Preise haben eine große Einwirkung auf industrielle Unternehmen  die ja Teil dieses Emissionshandelssystems sind  Wenn nur Unternehmen innerhalb der Europäischen Union diese Kosten tragen müssen  gibt es ein sehr großes Risiko  dass diese Betriebe ihre Aktivitäten verlagern,119
368,eu9_49746,Guido Reil,2020-12-17,"Es droht also ein Verlust dieser Unternehmen für Deutschland und Europa und die Treibhausgasemissionen werden nicht reduziert, sondern nur verlagert. Die CO2-Zielsetzung als Treiber, die einseitige Fokussierung auf Elektrofahrzeuge mit dem Krieg gegen den Verbrennungsmotor hat schwerwiegende Folgen für unsere Beschäftigung. Der auferlegte Wandel zum Elektromotor ist nur mit drastischen Sparprogrammen und weniger Personal finanzierbar. Die EU-Klimapolitik ist verantwortlich für den Abbau tausender Stellen in der Industrie. Dies ist eine asoziale Politik.",Es droht also ein Verlust dieser Unternehmen für Deutschland und Europa und die Treibhausgasemissionen werden nicht reduziert  sondern nur verlagert  Die CO2Zielsetzung als Treiber  die einseitige Fokussierung auf Elektrofahrzeuge mit dem Krieg gegen den Verbrennungsmotor hat schwerwiegende Folgen für unsere Beschäftigung  Der auferlegte Wandel zum Elektromotor ist nur mit drastischen Sparprogrammen und weniger Personal finanzierbar  Die EUKlimapolitik ist verantwortlich für den Abbau tausender Stellen in der Industrie  Dies ist eine asoziale Politik,72
369,eu9_49763,Joachim Kuhs,2020-12-17,"Doch wenn Sie in dieser Sache nicht auf mich hören, dann hören Sie wenigstens in dieser Adventszeit auf die Stimmen der Propheten des Alten Bundes und machen Sie Ihre Herzen bereit, um Jesus Christus – dem Kommenden – zu begegnen und den Heiland der Welt in Ihr Herz aufzunehmen.",Doch wenn Sie in dieser Sache nicht auf mich hören  dann hören Sie wenigstens in dieser Adventszeit auf die Stimmen der Propheten des Alten Bundes und machen Sie Ihre Herzen bereit  um Jesus Christus   – dem Kommenden   – zu begegnen und den Heiland der Welt in Ihr Herz aufzunehmen,49
370,eu9_49885,Jörg Meuthen,2020-12-16,"Die Gewinner werden die Vereinigten Staaten und vor allem China sein. Wissen Sie, für die Staats- und Regierungschefs war es vielleicht eine schlaflose Nacht, doch Millionen Europäern, die mehr denn je um ihre Zukunft, ihre Existenz fürchten müssen, stehen angesichts dieser desaströsen Beschlüsse viele schlaflose Nächte bevor.",Die Gewinner werden die Vereinigten Staaten und vor allem China sein  Wissen Sie  für die Staats und Regierungschefs war es vielleicht eine schlaflose Nacht  doch Millionen Europäern  die mehr denn je um ihre Zukunft  ihre Existenz fürchten müssen  stehen angesichts dieser desaströsen Beschlüsse viele schlaflose Nächte bevor,47
371,eu9_50345,Maximilian Krah,2020-12-14,"Herr Präsident, liebe Kolleginnen und Kollegen hier und vor den Bildschirmen! Ich freue mich sehr über dieses Jahr der Eisenbahn, denn die Bahn ist ein Verkehrsmittel mit Zukunft und Potenzial, und das nicht nur aus Klimaschutzgesichtspunkten. Aber wir sollten auch zur Kenntnis nehmen, dass es nicht damit getan ist, ein Jahr der Eisenbahn auszurufen. Von meinem Wohnort Dresden nach Prag brauchen wir für den Personen- und vor allem den Güterverkehr grenzüberschreitend eine Bahnstrecke. Es geht um 150 Kilometer, darunter ein Tunnel. Die Machbarkeitsstudie ist abgeschlossen. Wir sind jetzt in der Vorplanung, und wenn es so weitergeht, gibt es eine Projektabnahme im Jahr 2045. Jeder hier ist dann schon in Rente. Wenn wir weiter so planen und so bauen, können wir viele Jahre der Eisenbahn ausrufen – wir werden keine Bahnstrecke fertigstellen. Bahnstrecken müssen nicht nur besprochen, sie müssen gebaut werden, und das geht leider auch wegen der EU-Regeln, wegen des Planungsrechts nicht.",Herr Präsident  liebe Kolleginnen und Kollegen hier und vor den Bildschirmen  Ich freue mich sehr über dieses Jahr der Eisenbahn  denn die Bahn ist ein Verkehrsmittel mit Zukunft und Potenzial  und das nicht nur aus Klimaschutzgesichtspunkten  Aber wir sollten auch zur Kenntnis nehmen  dass es nicht damit getan ist  ein Jahr der Eisenbahn auszurufen  Von meinem Wohnort Dresden nach Prag brauchen wir für den Personen und vor allem den Güterverkehr grenzüberschreitend eine Bahnstrecke  Es geht um 150 Kilometer  darunter ein Tunnel  Die Machbarkeitsstudie ist abgeschlossen  Wir sind jetzt in der Vorplanung  und wenn es so weitergeht  gibt es eine Projektabnahme im Jahr 2045 Jeder hier ist dann schon in Rente  Wenn wir weiter so planen und so bauen  können wir viele Jahre der Eisenbahn ausrufen   – wir werden keine Bahnstrecke fertigstellen  Bahnstrecken müssen nicht nur besprochen  sie müssen gebaut werden  und das geht leider auch wegen der EURegeln  wegen des Planungsrechts nicht,152
372,eu9_50378,Maximilian Krah,2020-12-14,"Was von beiden es ist, werden wir sehen, wenn wir die weitere politische Entwicklung betrachten. Für unsere Fraktion ist klar: Es muss ein Anfang sein und darf kein Feigenblatt werden.",Was von beiden es ist  werden wir sehen  wenn wir die weitere politische Entwicklung betrachten  Für unsere Fraktion ist klar  Es muss ein Anfang sein und darf kein Feigenblatt werden,30
373,eu9_50487,Maximilian Krah,2020-11-26,"Jahrhundert eine Bewegung haben, dass die wirtschaftliche Entwicklung, aber auch technologische Entwicklung vom atlantischen Bereich in den asiatischen Bereich hinübergeht. Die Frage, die wir uns in der Europäischen Union – in jedem einzelnen Mitgliedstaat – zu stellen haben, ist, ob wir davon profitieren wollen, ob wir da mitmachen möchten, oder ob wir eben in den Kategorien des ausgehenden 20. Jahrhunderts verharren wollen. Möchten wir also Teil eines Handelskrieges gegen die Entwicklung in Asien sein, oder möchten wir nicht diese Entwicklung in Asien nutzen, damit auch bei uns Wohlstand und technische Entwicklung dauerhaft gesichert werden? Von daher müssen wir bei allen Handelsbeziehungen zu den USA auch kritische Fragen stellen und dürfen nicht sagen: Wie wunderbar, dass Herr Biden jetzt wieder transatlantische Politik machen möchte und dass er erklärt hat, er sei bereit, die Welt zu führen. Die Welt sollte von den Menschen geführt werden, da, wo sie leben.",Jahrhundert eine Bewegung haben  dass die wirtschaftliche Entwicklung  aber auch technologische Entwicklung vom atlantischen Bereich in den asiatischen Bereich hinübergeht  Die Frage  die wir uns in der Europäischen Union – in jedem einzelnen Mitgliedstaat – zu stellen haben  ist  ob wir davon profitieren wollen  ob wir da mitmachen möchten  oder ob wir eben in den Kategorien des ausgehenden 20   Jahrhunderts verharren wollen  Möchten wir also Teil eines Handelskrieges gegen die Entwicklung in Asien sein  oder möchten wir nicht diese Entwicklung in Asien nutzen  damit auch bei uns Wohlstand und technische Entwicklung dauerhaft gesichert werden  Von daher müssen wir bei allen Handelsbeziehungen zu den USA auch kritische Fragen stellen und dürfen nicht sagen  Wie wunderbar  dass Herr Biden jetzt wieder transatlantische Politik machen möchte und dass er erklärt hat  er sei bereit  die Welt zu führen  Die Welt sollte von den Menschen geführt werden  da  wo sie leben,147
374,eu9_50487,Maximilian Krah,2020-11-26,"Die Europäer sollten selbst Europa führen, und sie sollten zum Beispiel über ihre Energiesicherheit selbst bestimmen. Ich empfinde eine Aussage „Ich bin bereit, die Welt zu führen, wenn dann gleichzeitig der amerikanische Kongress ein Gesetz über die europäische Energiesicherheit verabschiedet“ eher als Bedrohung denn als Verheißung. Aus diesem Grunde befürworte ich zwar, dass wir hier ein Signal in die USA setzen, aber ich warne davor, jetzt zu glauben, wir müssten nun aufgrund einer neuen Freihandelsdebatte mit den USA uns komplett von Asien und Russland abgrenzen. Die Wahrheit ist, dass souverän im 21. Jahrhundert derjenige ist, der Alternativen hat. Die wesentlichen Industrie- und Handelsgüter des 21. Jahrhunderts sind Technologie und Energie.",Die Europäer sollten selbst Europa führen  und sie sollten zum Beispiel über ihre Energiesicherheit selbst bestimmen  Ich empfinde eine Aussage „ Ich bin bereit  die Welt zu führen  wenn dann gleichzeitig der amerikanische Kongress ein Gesetz über die europäische Energiesicherheit verabschiedet “ eher als Bedrohung denn als Verheißung  Aus diesem Grunde befürworte ich zwar  dass wir hier ein Signal in die USA setzen  aber ich warne davor  jetzt zu glauben  wir müssten nun aufgrund einer neuen Freihandelsdebatte mit den USA uns komplett von Asien und Russland abgrenzen  Die Wahrheit ist  dass souverän im 21   Jahrhundert derjenige ist  der Alternativen hat  Die wesentlichen Industrie und Handelsgüter des 21   Jahrhunderts sind Technologie und Energie,112
375,eu9_50487,Maximilian Krah,2020-11-26,"Was wir erleben, ist, dass die Vereinigten Staaten derzeit – völkerrechtswidrig durch Drittstaatensanktionen – auf europäische Staaten und die EU Druck machen, damit sie entscheiden können, woher wir unsere Energie beziehen – und zwar von ihnen, durch Flüssiggas –, und dass sie entscheiden, woher wir unsere Technologie beziehen – nicht in China. Das wollen wir nicht, das können wir nicht hinnehmen. Selbst wenn wir Nordstream 2 ablehnen, und selbst wenn wir Bedenken bei Huawei haben, muss die Entscheidung durch uns getroffen werden und nicht durch den US-Kongress. Ansonsten können wir uns hier nämlich abschaffen. Aus diesem Grunde begrüße ich diese Entscheidung, was den Hummer angeht, auch wenn ich davon weniger esse als vielleicht die Sozialdemokraten. Aber ich warne davor, jetzt zu meinen, wir müssten jetzt in die politischen Kategorien der 80er-Jahre des letzten Jahrhunderts – den Kalten Krieg – zurückfallen. Juhu, endlich sind wir Trump los!",Was wir erleben  ist  dass die Vereinigten Staaten derzeit – völkerrechtswidrig durch Drittstaatensanktionen – auf europäische Staaten und die EU Druck machen  damit sie entscheiden können  woher wir unsere Energie beziehen – und zwar von ihnen  durch Flüssiggas –  und dass sie entscheiden  woher wir unsere Technologie beziehen – nicht in China  Das wollen wir nicht  das können wir nicht hinnehmen  Selbst wenn wir Nordstream   2 ablehnen  und selbst wenn wir Bedenken bei Huawei haben  muss die Entscheidung durch uns getroffen werden und nicht durch den USKongress  Ansonsten können wir uns hier nämlich abschaffen  Aus diesem Grunde begrüße ich diese Entscheidung  was den Hummer angeht  auch wenn ich davon weniger esse als vielleicht die Sozialdemokraten  Aber ich warne davor  jetzt zu meinen  wir müssten jetzt in die politischen Kategorien der 80erJahre des letzten Jahrhunderts – den Kalten Krieg – zurückfallen  Juhu  endlich sind wir Trump los,146
376,eu9_50487,Maximilian Krah,2020-11-26,"Das, was jetzt kommt, wird im Hinblick auf unsere Handelsbeziehungen nach Osten – Russland, Indien, China – viel schlimmer werden als das, was Trump war, und das ist bereits angekündigt. Insofern bitte ich Sie, Herr Kollege Lange – und da habe ich zu Ihnen tatsächlich volles Vertrauen –, dass Sie weiter in beide Richtungen schauen und dass Sie für uns das Maximum herausholen. Wir wollen vom 21. Jahrhundert profitieren, und diese Entwicklung, sie findet nicht im Westen, sondern sie findet noch stärker – und das sehen wir seit dem Handelsabkommen von Bangkok – im Osten statt.",Das  was jetzt kommt  wird im Hinblick auf unsere Handelsbeziehungen nach Osten – Russland  Indien  China – viel schlimmer werden als das  was Trump war  und das ist bereits angekündigt  Insofern bitte ich Sie  Herr Kollege Lange – und da habe ich zu Ihnen tatsächlich volles Vertrauen –  dass Sie weiter in beide Richtungen schauen und dass Sie für uns das Maximum herausholen  Wir wollen vom 21   Jahrhundert profitieren  und diese Entwicklung  sie findet nicht im Westen  sondern sie findet noch stärker – und das sehen wir seit dem Handelsabkommen von Bangkok – im Osten statt,96
377,eu9_50714,Joachim Kuhs,2020-11-25,"Selbst der EuGH hat bereits vor vielen Jahren das Ergebnis der Verschmelzung einer männlichen Samenzelle mit einer weiblichen Eizelle als menschliches Leben definiert, und wir wollen jetzt die Polen dafür kritisieren, dass sie das Lebensrecht eines Menschen höher achten als unsere egoistischen Selbstbestimmungsrechte? Wer schützt hier eigentlich die Menschenrechte mehr?",Selbst der EuGH hat bereits vor vielen Jahren das Ergebnis der Verschmelzung einer männlichen Samenzelle mit einer weiblichen Eizelle als menschliches Leben definiert  und wir wollen jetzt die Polen dafür kritisieren  dass sie das Lebensrecht eines Menschen höher achten als unsere egoistischen Selbstbestimmungsrechte  Wer schützt hier eigentlich die Menschenrechte mehr,50
378,eu9_50854,Gunnar Beck,2020-11-24,"Die Chinesen haben dafür ein Wort: Baizuo, ein Spottwort für scheinheilige westliche Humanitaristen, die sich für Einwanderung, LBGT und Klimarettung ereifern, ohne Kenntnis realer Probleme, nur um ein Wohlgefühl moralischer Überlegenheit zu befriedigen.",Die Chinesen haben dafür ein Wort  Baizuo  ein Spottwort für scheinheilige westliche Humanitaristen  die sich für Einwanderung  LBGT und Klimarettung ereifern  ohne Kenntnis realer Probleme  nur um ein Wohlgefühl moralischer Überlegenheit zu befriedigen,33
379,eu9_51107,Markus Buchheit,2020-11-23,"Eine Industriestrategie, die der deutschen Kernindustrie das Wasser abgräbt, hat ihren Sinn verfehlt und ist strikt und kategorisch abzulehnen. Der vorliegende Text macht die Industrie zu einem Opfer und Steigbügelhalter eines missverstandenen Umweltschutzgedankens unter dem European Green Deal. Dies zeigt sich u. a an der irrationalen Forderung nach der sofortigen Einstellung der Nutzung von fossilen Brennstoffen, an der Charakterisierung von Erdgas als nur vorübergehendem Energieträger bis 2050 und an der politischen Positionierung der EZB als „Klimabank“. Das Zerstören unserer Industrie hat System; Sie vergessen nur in Ihrer sogenannten Strategie, dass es die Industrie und die KMU sind, die die Rechnung für Ihre Klimaphantasien bezahlen müssen.",Eine Industriestrategie  die der deutschen Kernindustrie das Wasser abgräbt  hat ihren Sinn verfehlt und ist strikt und kategorisch abzulehnen  Der vorliegende Text macht die Industrie zu einem Opfer und Steigbügelhalter eines missverstandenen Umweltschutzgedankens unter dem European Green Deal  Dies zeigt sich u   a an der irrationalen Forderung nach der sofortigen Einstellung der Nutzung von fossilen Brennstoffen  an der Charakterisierung von Erdgas als nur vorübergehendem Energieträger bis 2050 und an der politischen Positionierung der EZB als „ Klimabank “  Das Zerstören unserer Industrie hat System  Sie vergessen nur in Ihrer sogenannten Strategie  dass es die Industrie und die KMU sind  die die Rechnung für Ihre Klimaphantasien bezahlen müssen,107
380,eu9_51250,Joachim Kuhs,2020-11-12,"Das ist etwas, wo ich sagen muss: Das geht einfach zu weit. Und wir sollten deshalb eigentlich auch nicht über Finanzierung des Green Deals sprechen, sondern über die finanziellen Auswirkungen für die Bürger, für die einzelnen Personen. Die Strompreise werden weiter steigen, und wir haben heute schon in Deutschland die höchsten Strompreise. Durch die Regelungen werden ganze Industriezweige abgebaut, und der Verlust der Wettbewerbsfähigkeit gegenüber den anderen großen Playern in der Welt wird immer stärker werden. Das kann doch nicht die Zukunft sein! Deshalb sollten wir uns nicht so sehr fürchten vor dem Klimawandel. Der Klimawandel ist eine Tatsache, keine Frage, und es hat ihn immer gegeben. Es waren auch immer die Warmzeiten, die die Blütezeiten in der Geschichte waren. Aber was wollen Sie jetzt tun? Ich vertraue lieber auf das Wort, das in Genesis steht, dass eben fortan nicht aufhören soll Saat und Ernte, Frost und Hitze, Sommer und Winter, Tag und Nacht.",Das ist etwas  wo ich sagen muss  Das geht einfach zu weit  Und wir sollten deshalb eigentlich auch nicht über Finanzierung des Green Deals sprechen  sondern über die finanziellen Auswirkungen für die Bürger  für die einzelnen Personen  Die Strompreise werden weiter steigen  und wir haben heute schon in Deutschland die höchsten Strompreise  Durch die Regelungen werden ganze Industriezweige abgebaut  und der Verlust der Wettbewerbsfähigkeit gegenüber den anderen großen Playern in der Welt wird immer stärker werden  Das kann doch nicht die Zukunft sein  Deshalb sollten wir uns nicht so sehr fürchten vor dem Klimawandel  Der Klimawandel ist eine Tatsache  keine Frage  und es hat ihn immer gegeben  Es waren auch immer die Warmzeiten  die die Blütezeiten in der Geschichte waren  Aber was wollen Sie jetzt tun  Ich vertraue lieber auf das Wort  das in Genesis steht  dass eben fortan nicht aufhören soll Saat und Ernte  Frost und Hitze  Sommer und Winter  Tag und Nacht,154
381,eu9_51250,Joachim Kuhs,2020-11-12,Und ich vertraue lieber diesen Zusagen Gottes als den utopischen Versprechungen der heutigen Klimareligion.,Und ich vertraue lieber diesen Zusagen Gottes als den utopischen Versprechungen der heutigen Klimareligion,14
382,eu9_51279,Gunnar Beck,2020-11-12,"Im Januar schlug die Kommission ihren Plan zur Finanzierung des Green Deal vor, um bis 2030 eine Treibhausgasemissionenreduzierung von 40 % und bis 2050 eine Klimaneutralität zu erreichen. Für etwas so Komplexes wie den Klimawandel würde es die bequeme runde Zahl von 1 Billion Euro kosten. Das sind tausend Milliarden. Wie passend! Zu diesem Zweck sollte die Hälfte des mehrjährigen europäischen Haushalts, oder über 500 Milliarden, für umweltfreundliche Investitionen verwendet werden. Oder zumindest an zwielichtige Vermarkter, die ihre Projekte in Brüssel als grün verkaufen können. Um diesen Wahnsinn zu finanzieren, braucht die EU eine eigene Haushaltskapazität. Was jetzt nach den EU-Verträgen verboten ist. Das Parlament schlägt sechs neue Steuern vor, die von der EU erhoben und direkt der EU zugerechnet werden. Seit Januar hat sich natürlich viel geändert. Nach der Prognose der Kommission wird das BIP im Jahr 2020 um 7,4 % gesunken sein. Im Euro-Raum fast 8 %.",Im Januar schlug die Kommission ihren Plan zur Finanzierung des Green Deal vor  um bis 2030 eine Treibhausgasemissionenreduzierung von 40    und bis 2050 eine Klimaneutralität zu erreichen  Für etwas so Komplexes wie den Klimawandel würde es die bequeme runde Zahl von 1   Billion Euro kosten  Das sind tausend Milliarden  Wie passend  Zu diesem Zweck sollte die Hälfte des mehrjährigen europäischen Haushalts  oder über 500   Milliarden  für umweltfreundliche Investitionen verwendet werden  Oder zumindest an zwielichtige Vermarkter  die ihre Projekte in Brüssel als grün verkaufen können  Um diesen Wahnsinn zu finanzieren  braucht die EU eine eigene Haushaltskapazität  Was jetzt nach den EUVerträgen verboten ist  Das Parlament schlägt sechs neue Steuern vor  die von der EU erhoben und direkt der EU zugerechnet werden  Seit Januar hat sich natürlich viel geändert  Nach der Prognose der Kommission wird das BIP im Jahr 2020 um 74    gesunken sein  Im EuroRaum fast 8,146
383,eu9_51449,Joachim Kuhs,2020-11-11,"Spätestens nächstes Jahr – in Deutschland ein Superwahljahr – wird der Wähler sich dafür entscheiden, dass er sagt: Wenn ich das Loch in meinem Haus, in meiner Tasche spüre, dann werde ich künftig diesem jetzigen Parlament nicht mehr mein Vertrauen schenken.",Spätestens nächstes Jahr – in Deutschland ein Superwahljahr – wird der Wähler sich dafür entscheiden  dass er sagt  Wenn ich das Loch in meinem Haus  in meiner Tasche spüre  dann werde ich künftig diesem jetzigen Parlament nicht mehr mein Vertrauen schenken,41
384,eu9_51490,Guido Reil,2020-10-22,"Herr Präsident, liebe Kolleginnen und Kollegen! Es geht heute um den Bericht zur Gleichstellung von Männern und Frauen im Rahmen der Außen- und Sicherheitspolitik. Also diese Überschrift halte ich schon für einen Skandal, denn wir sprechen von Männern und Frauen und haben dabei die Diversen vergessen – also das ist politisch völlig unkorrekt! Gott sei Dank habe ich dann festgestellt, als ich den Bericht intensiv gelesen habe, dass natürlich die diversen Geschlechter und sexuellen Ausrichtungen eine ganz entscheidende Rolle spielen. Wie sollte die Außen- und Sicherheitspolitik denn auch sonst klarkommen, es ist ja selbstverständlich. Außerdem betont dieser Bericht, dass wir eine feministische Außen- und Sicherheitspolitik brauchen. Außerdem ist natürlich ganz wichtig, dass wir eine geschlechterspezifische Asyl- und Migrationspolitik fahren. Und selbstverständlich stellen wir uns auch wieder dem Endgegner – dem Klimawandel.",Herr Präsident  liebe Kolleginnen und Kollegen  Es geht heute um den Bericht zur Gleichstellung von Männern und Frauen im Rahmen der Außen und Sicherheitspolitik  Also diese Überschrift halte ich schon für einen Skandal  denn wir sprechen von Männern und Frauen und haben dabei die Diversen vergessen – also das ist politisch völlig unkorrekt  Gott sei Dank habe ich dann festgestellt  als ich den Bericht intensiv gelesen habe  dass natürlich die diversen Geschlechter und sexuellen Ausrichtungen eine ganz entscheidende Rolle spielen  Wie sollte die Außen und Sicherheitspolitik denn auch sonst klarkommen  es ist ja selbstverständlich  Außerdem betont dieser Bericht  dass wir eine feministische Außen und Sicherheitspolitik brauchen  Außerdem ist natürlich ganz wichtig  dass wir eine geschlechterspezifische Asyl und Migrationspolitik fahren  Und selbstverständlich stellen wir uns auch wieder dem Endgegner – dem Klimawandel,131
385,eu9_51490,Guido Reil,2020-10-22,"Wir lernen, dass der Klimawandel besonders frauenfeindlich ist, denn er macht besonders Frauen und Mädchen Probleme. Wenn ich mir jetzt die Aktivistinnen von Fridays for Future ansehe, dann muss ich diesen Eindruck tatsächlich gewinnen, es sind tatsächlich viele Mädchen aktiv, die in der Regel aus sehr gutem Haus kommen, die reich sind, wie zum Beispiel die Sprösslinge der Reedereifamilie Reemtsma. Aber nachvollziehen kann ich das nicht. Warum gerade sind Mädchen und warum gerade sind reiche Mädchen so betroffen? Und gerade vom Klimawandel? Ich habe im Lauf meines Lebens viele Frauen kennengelernt, die allermeisten von ihnen haben es gerne warm, weil Frauen frieren. Erlauben Sie mir diesen kleinen Spaß, denn ich kann den ganzen Wahnsinn schlecht ertragen. Es geht hier einzig und allein darum, gut bezahlte Stellen zu schaffen für Frauen und für Diverse. Stellen, die die Allgemeinheit bezahlen muss, und damit muss endlich Schluss sein! Schluss mit diesem ideologischen Wahnsinn!",Wir lernen  dass der Klimawandel besonders frauenfeindlich ist  denn er macht besonders Frauen und Mädchen Probleme  Wenn ich mir jetzt die Aktivistinnen von Fridays for Future ansehe  dann muss ich diesen Eindruck tatsächlich gewinnen  es sind tatsächlich viele Mädchen aktiv  die in der Regel aus sehr gutem Haus kommen  die reich sind  wie zum Beispiel die Sprösslinge der Reedereifamilie Reemtsma  Aber nachvollziehen kann ich das nicht  Warum gerade sind Mädchen und warum gerade sind reiche Mädchen so betroffen  Und gerade vom Klimawandel  Ich habe im Lauf meines Lebens viele Frauen kennengelernt  die allermeisten von ihnen haben es gerne warm  weil Frauen frieren  Erlauben Sie mir diesen kleinen Spaß  denn ich kann den ganzen Wahnsinn schlecht ertragen  Es geht hier einzig und allein darum  gut bezahlte Stellen zu schaffen für Frauen und für Diverse  Stellen  die die Allgemeinheit bezahlen muss  und damit muss endlich Schluss sein  Schluss mit diesem ideologischen Wahnsinn,150
386,eu9_51521,Bernhard Zimniok,2020-10-22,"Beides, der Handel mit Pässen und die Einreise ohne Pass, gehören verboten.",Beides  der Handel mit Pässen und die Einreise ohne Pass  gehören verboten,12
387,eu9_51569,Markus Buchheit,2020-10-22,"Herr Präsident, Frau Kommissarin! Welcome back. Schon scheint es, als ob die Fridays for Future-Demos langsam von den Titelseiten der Boulevardblätter verschwunden wären, doch zombieartig hallen ihre Forderungen hier im Alltagsgeschäft der Union fort. Welcher Wahnsinn muss uns als politische Entscheidungsträger reiten, den in seinen Ausmaßen noch gar nicht überschaubaren exogenen Schock der globalen Pandemie durch den Grünen Deal noch weiter anzufachen? Wir reden hier von einem Alignment mit dem Grünen Deal – wunderbare Worte! Sie verkaufen den Bürgern die vielbeschworene grüne Wende hier als das europäische Men on the Moon-Projekt, als absolute Notwendigkeit – jetzt sofort – mit CO2—Reduktionen von 55 oder 60 %, ganz egal, ohne Folgenabschätzungen, was für Auswirkungen diese Zahlen auf unsere Industrie und Gesellschaft tatsächlich haben werden. Schon heute ist der Strompreis für unsere Industrie in Deutschland fast dreimal so hoch wie in den USA, und er wird weiter steigen.",Herr Präsident  Frau Kommissarin  Welcome back  Schon scheint es  als ob die Fridays for FutureDemos langsam von den Titelseiten der Boulevardblätter verschwunden wären  doch zombieartig hallen ihre Forderungen hier im Alltagsgeschäft der Union fort  Welcher Wahnsinn muss uns als politische Entscheidungsträger reiten  den in seinen Ausmaßen noch gar nicht überschaubaren exogenen Schock der globalen Pandemie durch den Grünen Deal noch weiter anzufachen  Wir reden hier von einem Alignment mit dem Grünen Deal – wunderbare Worte  Sie verkaufen den Bürgern die vielbeschworene grüne Wende hier als das europäische Men on the MoonProjekt  als absolute Notwendigkeit   – jetzt sofort   – mit CO2—Reduktionen von 55 oder 60     ganz egal  ohne Folgenabschätzungen  was für Auswirkungen diese Zahlen auf unsere Industrie und Gesellschaft tatsächlich haben werden  Schon heute ist der Strompreis für unsere Industrie in Deutschland fast dreimal so hoch wie in den USA  und er wird weiter steigen,144
388,eu9_51569,Markus Buchheit,2020-10-22,"Das wird uns Wettbewerbsfähigkeit, am Schluss natürlich auch Wohlstand, kosten. Das wissen Sie bei der Kommission, und deswegen wird eine absurde Idee durch die nächste absurde Idee ergänzt. Und zwar der Green Deal zum Beispiel durch den carbon border adjustment mechanism oder, wie wir jetzt heute auch gehört haben, durch den Ausstieg aus dem ECT. Haben wir jahrelang hier in der EU andere Staaten für Protektionismus und Isolationismus verurteilt, so betreiben wir diesen jetzt selber. Frau Kommissarin, Sie haben vorhin vom Glauben an den Green Deal gesprochen. Glauben ist schön, doch was sind die Zahlen? Was werden uns diese Maßnahmen am Schluss tatsächlich kosten?",Das wird uns Wettbewerbsfähigkeit  am Schluss natürlich auch Wohlstand  kosten  Das wissen Sie bei der Kommission  und deswegen wird eine absurde Idee durch die nächste absurde Idee ergänzt  Und zwar der Green Deal zum Beispiel durch den carbon border adjustment mechanism oder  wie wir jetzt heute auch gehört haben  durch den Ausstieg aus dem ECT  Haben wir jahrelang hier in der EU andere Staaten für Protektionismus und Isolationismus verurteilt  so betreiben wir diesen jetzt selber  Frau Kommissarin  Sie haben vorhin vom Glauben an den Green Deal gesprochen  Glauben ist schön  doch was sind die Zahlen  Was werden uns diese Maßnahmen am Schluss tatsächlich kosten,104
389,eu9_51719,Joachim Kuhs,2020-10-21,"Kehren wir um, hören wir auf, uns als Retter in der Not zu gerieren, und beginnen wir, den Menschen wieder Lebensmut und wahre Lebensfreude zu geben.",Kehren wir um  hören wir auf  uns als Retter in der Not zu gerieren  und beginnen wir  den Menschen wieder Lebensmut und wahre Lebensfreude zu geben,26
390,eu9_51794,Sylvia Limmer,2020-10-20,"Bäuerliche Familienbetriebe, die man zu schützen vorgibt, gehören bald der Vergangenheit an. Die neue GAP – da muss man sich nur die kurze Zusammenfassung der Kommission ansehen, um zu verstehen, wohin die Reise geht. Auf neunzehn Seiten wird erklärt, wie der Landwirt die Umwelt- und Klimaleistung verbessern soll. Die Hauptpriorität seien ehrgeizigere Ziele beim Klimaschutz, so die Kommission, und die will entgegen anderslautenden Aussagen immer stärker in die nationale Agrarpolitik hineinregieren und fordert von den Mitgliedstaaten Strategiepläne, die zu genehmigen sind. Der Landwirt der Zukunft: Er darf Hecken anlegen, Bäume pflanzen, Blumen sähen und Nistplätze schaffen. Nur eines soll er nicht mehr: Lebensmittel produzieren, weil das nach Ansicht der Kommission für Artensterben und Umweltverschmutzung verantwortlich sei. Derweilen importiert man Lebensmittel und hebelt so den Verbraucherschutz aus.",Bäuerliche Familienbetriebe  die man zu schützen vorgibt  gehören bald der Vergangenheit an  Die neue GAP – da muss man sich nur die kurze Zusammenfassung der Kommission ansehen  um zu verstehen  wohin die Reise geht  Auf neunzehn Seiten wird erklärt  wie der Landwirt die Umwelt und Klimaleistung verbessern soll  Die Hauptpriorität seien ehrgeizigere Ziele beim Klimaschutz  so die Kommission  und die will entgegen anderslautenden Aussagen immer stärker in die nationale Agrarpolitik hineinregieren und fordert von den Mitgliedstaaten Strategiepläne  die zu genehmigen sind  Der Landwirt der Zukunft  Er darf Hecken anlegen  Bäume pflanzen  Blumen sähen und Nistplätze schaffen  Nur eines soll er nicht mehr  Lebensmittel produzieren  weil das nach Ansicht der Kommission für Artensterben und Umweltverschmutzung verantwortlich sei  Derweilen importiert man Lebensmittel und hebelt so den Verbraucherschutz aus,126
391,eu9_51794,Sylvia Limmer,2020-10-20,"Beispiel China: Dort sind 27 000 Pestizide zugelassen, die über verarbeitete Lebensmittel den Weg zu uns finden. Zum Vergleich: In Deutschland sind nur Tausend zugelassen. Und der deutsche Landwirt, geschlagen mit untätigen Verbänden und einer ebensolchen Regierung, deren einzige Priorität die Ratspräsidentschaft ist, zahlt die Zeche für EU-Wettbewerbsverzerrungen – jüngstes Opfer sind die deutschen Zuckerrübenbauern – und finanziert damit seine eigene Abschaffung mit deutschem Steuergeld.",Beispiel China  Dort sind 27   000 Pestizide zugelassen  die über verarbeitete Lebensmittel den Weg zu uns finden  Zum Vergleich  In Deutschland sind nur Tausend zugelassen  Und der deutsche Landwirt  geschlagen mit untätigen Verbänden und einer ebensolchen Regierung  deren einzige Priorität die Ratspräsidentschaft ist  zahlt die Zeche für EUWettbewerbsverzerrungen – jüngstes Opfer sind die deutschen Zuckerrübenbauern – und finanziert damit seine eigene Abschaffung mit deutschem Steuergeld,65
392,eu9_52009,Gunnar Beck,2020-10-19,"Und seien wir ehrlich: Digitaler Wandel und künstliche Intelligenz sind das Rettende, wenn uns die natürliche Intelligenz knapp wird infolge immer weniger junger Europäer. Denn künstliche Intelligenz setzt knappe menschliche Intelligenz frei und ist sozialpolitisch billiger als unqualifizierte Zuwanderung.",Und seien wir ehrlich  Digitaler Wandel und künstliche Intelligenz sind das Rettende  wenn uns die natürliche Intelligenz knapp wird infolge immer weniger junger Europäer  Denn künstliche Intelligenz setzt knappe menschliche Intelligenz frei und ist sozialpolitisch billiger als unqualifizierte Zuwanderung,39
393,eu9_52013,Maximilian Krah,2020-10-19,"Vor diesem Hintergrund glaube ich, dass wir wegkommen sollten von einem Gedankenspiel, das darauf basiert, jedes Lebensrisiko rechtlich fassen und für jede mögliche Gesetzesübertretung eine Agentur schaffen zu wollen. Wir sollten wieder hin zu der Bereitschaft kommen, auch Risiken aushalten zu können, weil ein Risiko eben auch immer eine Chance bietet. Eine Chance dafür, dass die Entwicklung weitergeht und Europa vielleicht seine Innovationsschwäche überwindet und dafür seine Regulierungsstärke hinter sich lassen kann.",Vor diesem Hintergrund glaube ich  dass wir wegkommen sollten von einem Gedankenspiel  das darauf basiert  jedes Lebensrisiko rechtlich fassen und für jede mögliche Gesetzesübertretung eine Agentur schaffen zu wollen  Wir sollten wieder hin zu der Bereitschaft kommen  auch Risiken aushalten zu können  weil ein Risiko eben auch immer eine Chance bietet  Eine Chance dafür  dass die Entwicklung weitergeht und Europa vielleicht seine Innovationsschwäche überwindet und dafür seine Regulierungsstärke hinter sich lassen kann,72
394,eu9_52385,Gunnar Beck,2020-10-07,"Das alles ist vertragswidrig und dient nur der unbegrenzten Geldschöpfung. Digitalisierung ist Anpassung, die der Wettbewerb erzwingt, und tut not, wo sie Produktivität erhöht und knappes Humankapital in Europa freisetzt. Sie ist aber kein Allheilmittel gegen verfehlte Politik, die Kosten unkontrollierter Zuwanderung und sterile Investitionen infolge hemmungsloser Geldschöpfung.",Das alles ist vertragswidrig und dient nur der unbegrenzten Geldschöpfung  Digitalisierung ist Anpassung  die der Wettbewerb erzwingt  und tut not  wo sie Produktivität erhöht und knappes Humankapital in Europa freisetzt  Sie ist aber kein Allheilmittel gegen verfehlte Politik  die Kosten unkontrollierter Zuwanderung und sterile Investitionen infolge hemmungsloser Geldschöpfung,48
395,eu9_52542,Sylvia Limmer,2020-10-06,"Frau Präsidentin! Das Europäische Klimagesetz: laut Kommission das Herzstück einer – man nennt es inzwischen ganz schamfrei beim Namen – kompletten Transformation nicht nur unserer Wirtschaft, sondern unserer gesamten Gesellschaft. In Zukunft darf kein Gesetz erlassen werden ohne vorherige Prüfung, ob es sich nicht vielleicht im Widerspruch zu eben jenem Klimagesetz befände. Sogar rückwirkend sollen bereits bestehende Verordnungen geprüft und gegebenenfalls verändert werden. Dieses Gesetz ist das Mutterkorn aller Gesetze: vergiftend und schaurig grün-diktatorisch. Statt einen stabilen Rechtsrahmen für eine prosperierende Wirtschaft zu schaffen, überbietet sich eine selbstgefällige, faktenbefreite Notstands-Jammerelite mit „ambitionierten“ Zielen: 40, 55 oder 60 %Treibhausgasreduktion, gerne auch ein wenig mehr. Koste es, was es wolle. Und das darf man hier wörtlich nehmen.",Frau Präsidentin  Das Europäische Klimagesetz  laut Kommission das Herzstück einer – man nennt es inzwischen ganz schamfrei beim Namen – kompletten Transformation nicht nur unserer Wirtschaft  sondern unserer gesamten Gesellschaft  In Zukunft darf kein Gesetz erlassen werden ohne vorherige Prüfung  ob es sich nicht vielleicht im Widerspruch zu eben jenem Klimagesetz befände  Sogar rückwirkend sollen bereits bestehende Verordnungen geprüft und gegebenenfalls verändert werden  Dieses Gesetz ist das Mutterkorn aller Gesetze  vergiftend und schaurig gründiktatorisch  Statt einen stabilen Rechtsrahmen für eine prosperierende Wirtschaft zu schaffen  überbietet sich eine selbstgefällige  faktenbefreite NotstandsJammerelite mit „ ambitionierten “ Zielen  40  55 oder 60    Treibhausgasreduktion  gerne auch ein wenig mehr  Koste es  was es wolle  Und das darf man hier wörtlich nehmen,117
396,eu9_52542,Sylvia Limmer,2020-10-06,"Letztes Jahr stand im Kleingedruckten der Kommission, dass 40 %Reduktion jährliche Mehrkosten von 260 Milliarden Euro für die nächsten zehn Jahre bedeuten. Nun heißt es, dass weitere, zusätzliche 350 Milliarden Euro jährlich für dieses grüne Diktat notwendig sind: jährlich 610 Milliarden Euro. Derweilen bröckeln, nein, brechen die Jobs zu Zehntausenden in der deutschen Schlüsseltechnologie, der Automobilbranche und ihren Zuliefererbetrieben, weg. Ich bin gespannt, ob das die grünen CDU/CSU-Abgeordneten der EVP-Fraktion kümmert. Als gäbe es weder Chemie noch Physik, schwafelt man von der Verbesserung der Luftqualität bei Treibhausgasreduktion und verschweigt, dass es gewaltig stinkt unter dem angeblich CO2-freien Mantel der erneuerbaren Energien, nicht nur, wenn es um die katastrophalen Abbaubedingungen – weit weg – von Lithium, Kobalt, Mangan und Co. geht. Der Kaiser ist nackt, meine Damen und Herren –, und keiner sieht hin.",Letztes Jahr stand im Kleingedruckten der Kommission  dass 40    Reduktion jährliche Mehrkosten von 260   Milliarden Euro für die nächsten zehn Jahre bedeuten  Nun heißt es  dass weitere  zusätzliche 350   Milliarden Euro jährlich für dieses grüne Diktat notwendig sind  jährlich 610   Milliarden Euro  Derweilen bröckeln  nein  brechen die Jobs zu Zehntausenden in der deutschen Schlüsseltechnologie  der Automobilbranche und ihren Zuliefererbetrieben  weg  Ich bin gespannt  ob das die grünen CDU  CSUAbgeordneten der EVPFraktion kümmert  Als gäbe es weder Chemie noch Physik  schwafelt man von der Verbesserung der Luftqualität bei Treibhausgasreduktion und verschweigt  dass es gewaltig stinkt unter dem angeblich CO2freien Mantel der erneuerbaren Energien  nicht nur  wenn es um die katastrophalen Abbaubedingungen – weit weg – von Lithium  Kobalt  Mangan und Co geht  Der Kaiser ist nackt  meine Damen und Herren –  und keiner sieht hin,134
397,eu9_52619,Sylvia Limmer,2020-10-05,"Dennoch wurde die Abstimmung über das Klimagesetz von der Konferenz der Präsidenten – obwohl über die Vorgänge informiert – auf die Tagesordnung gesetzt. Ich bitte, ins Protokoll aufzunehmen, dass ich dies für einen klaren Verstoß gegen unsere Geschäftsordnung halte. Die Beliebigkeit, mit der in diesem Haus die Regeln umgangen werden, ist erschütternd.",Dennoch wurde die Abstimmung über das Klimagesetz von der Konferenz der Präsidenten – obwohl über die Vorgänge informiert – auf die Tagesordnung gesetzt  Ich bitte  ins Protokoll aufzunehmen  dass ich dies für einen klaren Verstoß gegen unsere Geschäftsordnung halte  Die Beliebigkeit  mit der in diesem Haus die Regeln umgangen werden  ist erschütternd,52
398,eu9_52864,Bernhard Zimniok,2020-09-17,"Und Ihr angeblichen Pro-Europäer, mit von der Leyen an der Spitze, werdet als die Totengräber der EU in die Geschichte eingehen.",Und Ihr angeblichen ProEuropäer  mit von der Leyen an der Spitze  werdet als die Totengräber der EU in die Geschichte eingehen,21
399,eu9_53028,Gunnar Beck,2020-09-16,"Letzten Mittwoch hielt Ursula von der Leyen (VDL) im EU-Parlament ihre erste visionäre Rede zur Lage der Union. Von der Leyen sieht sich bereits als Staatspräsidentin, doch die EU kein Staat. Das will sie ändern. Und wie will VDL dem Geist aus der Flasche helfen? Durch noch mehr Aufgabe von nationaler Souveränität, mehr Ausgaben, mehr Klimapolitik und natürlich: mehr Migration. Corona habe verdeutlicht: Die EU brauche eine gemeinsame Gesundheits- und Sozialpolitik. Verschärfen müsse die EU auch ihre Klimaschutzpolitik und solle ihre CO2-Emissionen bis 2030 nicht um 40 %, sondern um 55 % verringern. Unerwähnt bleibt, dass die EU nicht einmal 10 % zu den weltweiten CO2-Emissionen beiträgt. Außerdem wolle die EU den Rechtsstaat schützen. Das bedeutet: Maßregelung Polens und Ungarns sowie moralisierende Abwertung der Mächte China und Russland. Und final ein Bekenntnis zur Migration. Migration gebe es in Europa schon immer, sie hätte uns definiert und unsere Kultur geprägt.",Letzten Mittwoch hielt Ursula von der Leyen  VDL  im EUParlament ihre erste visionäre Rede zur Lage der Union  Von der Leyen sieht sich bereits als Staatspräsidentin  doch die EU kein Staat  Das will sie ändern  Und wie will VDL dem Geist aus der Flasche helfen  Durch noch mehr Aufgabe von nationaler Souveränität  mehr Ausgaben  mehr Klimapolitik und natürlich  mehr Migration  Corona habe verdeutlicht  Die EU brauche eine gemeinsame Gesundheits und Sozialpolitik  Verschärfen müsse die EU auch ihre Klimaschutzpolitik und solle ihre CO2Emissionen bis 2030 nicht um 40     sondern um 55    verringern  Unerwähnt bleibt  dass die EU nicht einmal 10    zu den weltweiten CO2Emissionen beiträgt  Außerdem wolle die EU den Rechtsstaat schützen  Das bedeutet  Maßregelung Polens und Ungarns sowie moralisierende Abwertung der Mächte China und Russland  Und final ein Bekenntnis zur Migration  Migration gebe es in Europa schon immer  sie hätte uns definiert und unsere Kultur geprägt,146
400,eu9_53118,Nicolaus Fest,2020-09-15,"Deshalb bin ich dafür, den Dialog jetzt endlich zu beenden und nicht mehr zu deeskalieren, sondern zu eskalieren, nämlich zu eskalieren im Sinne der europäischen Werte, und diese europäischen Werte endlich durchzusetzen – auch im Verhältnis zur Türkei.",Deshalb bin ich dafür  den Dialog jetzt endlich zu beenden und nicht mehr zu deeskalieren  sondern zu eskalieren  nämlich zu eskalieren im Sinne der europäischen Werte  und diese europäischen Werte endlich durchzusetzen – auch im Verhältnis zur Türkei,38
401,eu9_53132,Guido Reil,2020-09-15,"Wenn wir glauben, dass Erdoğan seinen Kurs ändert, nur weil wir ihm ein paar Milliarden schenken, dann sind wir naiv und hängen einer Fiktion an. Die Türkei wickelt 30 % ihres internationalen Handels mit Deutschland ab. Wir sollten auf unsere Marktmacht hinweisen, um unsere Interessen gegenüber Erdoğan durchzusetzen. Stattdessen lässt sich unsere Bundeskanzlerin mit einem halbgaren „Flüchtlingsdeal” von diesem Möchtegern-Sultan erpressen.",Wenn wir glauben  dass Erdoğan seinen Kurs ändert  nur weil wir ihm ein paar Milliarden schenken  dann sind wir naiv und hängen einer Fiktion an  Die Türkei wickelt 30    ihres internationalen Handels mit Deutschland ab  Wir sollten auf unsere Marktmacht hinweisen  um unsere Interessen gegenüber Erdoğan durchzusetzen  Stattdessen lässt sich unsere Bundeskanzlerin mit einem halbgaren „ Flüchtlingsdeal ” von diesem MöchtegernSultan erpressen,62
402,eu9_53148,Maximilian Krah,2020-09-15,"Russland muss man ins Boot holen und Ängste vor einem neuen Maidan abbauen, wenn man realistisch den Belarussen helfen will, wieder Herr im eigenen Land zu werden. Wer antirussische Töne schwingt, der bringt Russland an die Seite Lukaschenkos und erzeugt den Konflikt, den hier niemand haben will.",Russland muss man ins Boot holen und Ängste vor einem neuen Maidan abbauen  wenn man realistisch den Belarussen helfen will  wieder Herr im eigenen Land zu werden  Wer antirussische Töne schwingt  der bringt Russland an die Seite Lukaschenkos und erzeugt den Konflikt  den hier niemand haben will,47
403,eu9_53323,Joachim Kuhs,2020-09-14,"Das wird dazu führen, dass eben die nationalen Staaten, die Mitgliedstaaten, geschwächt werden, dass deren eigene Beiträge letztendlich nicht gesenkt werden, sondern noch weiter erhöht werden. Und jetzt passiert noch Folgendes: Solche Steuern haben die Tendenz, nie mehr aufzuhören. Ich erinnere Sie an die Sektsteuer, die vor 100 Jahren zur Stärkung der kaiserlichen Marine eingeführt wurde. Diese Steuer gibt es heute noch. Bitte verschonen Sie uns vor neuen Steuern.",Das wird dazu führen  dass eben die nationalen Staaten  die Mitgliedstaaten  geschwächt werden  dass deren eigene Beiträge letztendlich nicht gesenkt werden  sondern noch weiter erhöht werden  Und jetzt passiert noch Folgendes  Solche Steuern haben die Tendenz  nie mehr aufzuhören  Ich erinnere Sie an die Sektsteuer  die vor 100 Jahren zur Stärkung der kaiserlichen Marine eingeführt wurde  Diese Steuer gibt es heute noch  Bitte verschonen Sie uns vor neuen Steuern,69
404,eu9_53334,Gunnar Beck,2020-09-14,"Herr Präsident, werte Kollegen! Die EU will neue Steuern: EU—Plastiksteuern, Finanzsteuern, CO2-Grenzsteuern und Digitalsteuern. Das EU-Parlament begehrt zudem Eigenmittel aus Unternehmenssteuern. Schon heute haben EU-Staaten die höchsten Steuerquoten der OECD, indes die EU eskalierende Ausgaben vertragswidrig schuldenfinanziert. Hauptzahler des EU-Budgets und der EU-Schulden ist Deutschland. Der deutsche Staat zahlt und macht seine Bürger arm. Und so haben die Deutschen das geringste Medianvermögen der Eurozone, die geringste Immobilieneigentumsquote und die weltweit höchsten Lohnsteuern und -abgaben. Wenn aber Ihre EU-Steuerkolonie Deutschland ausgeblutet ist: Was dann?",Herr Präsident  werte Kollegen  Die EU will neue Steuern  EU—Plastiksteuern  Finanzsteuern  CO2Grenzsteuern und Digitalsteuern  Das EUParlament begehrt zudem Eigenmittel aus Unternehmenssteuern  Schon heute haben EUStaaten die höchsten Steuerquoten der OECD  indes die EU eskalierende Ausgaben vertragswidrig schuldenfinanziert  Hauptzahler des EUBudgets und der EUSchulden ist Deutschland  Der deutsche Staat zahlt und macht seine Bürger arm  Und so haben die Deutschen das geringste Medianvermögen der Eurozone  die geringste Immobilieneigentumsquote und die weltweit höchsten Lohnsteuern und abgaben  Wenn aber Ihre EUSteuerkolonie Deutschland ausgeblutet ist  Was dann,83
405,eu9_53504,Christine Anderson,2020-07-23,"Während unsere „Volks-Treter“ deutsche Steuergelder verjubeln, müssen 2,8 Millionen Kinder und Jugendliche hierzulande in Armut leben. Dies gilt darüber hinaus auch für unzählige Alleinerziehende, prekär Beschäftigte, Transferleistungsbezieher und Armutsrentner. Zeitgleich garantiert Italien seinen Bürgern neben einem niedrigen Renteneintrittsalter auch durch sog. „Patrioten“-Bonds Zinsen von 1,4 Prozent oberhalb der Inflationsrate, derweil deutsche Sparer weiter in die Röhre kucken. Deutschland ist nicht die dumme Melkkuh der EU und das Geld seiner hart arbeitenden Steuerzahler hat daher ausschließlich für deutsche Interessen Verwendung zu finden!",Während unsere „ VolksTreter “ deutsche Steuergelder verjubeln  müssen 28 Millionen Kinder und Jugendliche hierzulande in Armut leben  Dies gilt darüber hinaus auch für unzählige Alleinerziehende  prekär Beschäftigte  Transferleistungsbezieher und Armutsrentner  Zeitgleich garantiert Italien seinen Bürgern neben einem niedrigen Renteneintrittsalter auch durch sog „ Patrioten“Bonds Zinsen von 14 Prozent oberhalb der Inflationsrate  derweil deutsche Sparer weiter in die Röhre kucken  Deutschland ist nicht die dumme Melkkuh der EU und das Geld seiner hart arbeitenden Steuerzahler hat daher ausschließlich für deutsche Interessen Verwendung zu finden,84
406,eu9_53783,Jörg Meuthen,2020-07-08,"Sie, Frau Merkel, und Sie, Frau von der Leyen, bilden gemeinsam mit EZB-Präsidentin Lagarde längst ein Triumvirat des wirtschaftspolitischen Grauens. Statt die deutsche Ratspräsidentschaft für eine Abkehr von diesem verhängnisvollen Kurs zu nutzen, erhöhen Sie sogar nochmals die Geschwindigkeit Ihrer politischen Geisterfahrt. Sie erweisen Europa im Ganzen – wie der EU – nicht nur einen Bärendienst, Sie verraten mit Ihrem Kurs die europäische Idee und vergehen sich sträflich an der Zukunft kommender Generationen.",Sie  Frau Merkel  und Sie  Frau von der Leyen  bilden gemeinsam mit EZBPräsidentin Lagarde längst ein Triumvirat des wirtschaftspolitischen Grauens  Statt die deutsche Ratspräsidentschaft für eine Abkehr von diesem verhängnisvollen Kurs zu nutzen  erhöhen Sie sogar nochmals die Geschwindigkeit Ihrer politischen Geisterfahrt  Sie erweisen Europa im Ganzen – wie der EU – nicht nur einen Bärendienst  Sie verraten mit Ihrem Kurs die europäische Idee und vergehen sich sträflich an der Zukunft kommender Generationen,73
407,eu9_53986,Christine Anderson,2020-06-19,"Landraub und Abholzung, zwei Vergehen an Mutter Natur, ausgeübt von einer kleinen Zahl profitorientierter Menschen, die sich nicht darum scheren, welche Folgen ihr Handeln für den Rest der Gesellschaft hat. Sie fällen Bäume, zerstören Lebensräume für eine Vielzahl von Tieren und verdichten ehemals fruchtbare Böden so nachhaltig, dass nur noch eine öde Steppe anstelle einer vormals prächtigen grünen Landschaft zurückbleibt. Mit solchem Raubbau an Mutter Natur nimmt sich der Mensch, nur des kurzfristigen, finanziellen Erfolgs wegen, Stück für Stück den Raum zum eigenen Leben und sägt damit buchstäblich am Ast, auf dem er selbst sitzt. Die Abgeordneten in diesem Haus richten ihr Augenmerk auf den Amazonas.",Landraub und Abholzung  zwei Vergehen an Mutter Natur  ausgeübt von einer kleinen Zahl profitorientierter Menschen  die sich nicht darum scheren  welche Folgen ihr Handeln für den Rest der Gesellschaft hat  Sie fällen Bäume  zerstören Lebensräume für eine Vielzahl von Tieren und verdichten ehemals fruchtbare Böden so nachhaltig  dass nur noch eine öde Steppe anstelle einer vormals prächtigen grünen Landschaft zurückbleibt  Mit solchem Raubbau an Mutter Natur nimmt sich der Mensch  nur des kurzfristigen  finanziellen Erfolgs wegen  Stück für Stück den Raum zum eigenen Leben und sägt damit buchstäblich am Ast  auf dem er selbst sitzt  Die Abgeordneten in diesem Haus richten ihr Augenmerk auf den Amazonas,106
408,eu9_53986,Christine Anderson,2020-06-19,"Wie in vielen anderen Debatten überschätzt dieses sogenannte Parlament aber auch hier nachhaltig seine Kompetenz, denn solange der Amazonas nicht Teil der EU ist, sollten wir eher den Blick auf unsere Mitgliedstaaten werfen, wo nichts anderes regelmäßig passiert und Landraub und Abholzung unternommen werden, um eine angebliche Energiewende, die keine ist, zu befördern.",Wie in vielen anderen Debatten überschätzt dieses sogenannte Parlament aber auch hier nachhaltig seine Kompetenz  denn solange der Amazonas nicht Teil der EU ist  sollten wir eher den Blick auf unsere Mitgliedstaaten werfen  wo nichts anderes regelmäßig passiert und Landraub und Abholzung unternommen werden  um eine angebliche Energiewende  die keine ist  zu befördern,53
409,eu9_54229,Guido Reil,2020-06-17,"Die Linke, unterstützt von den anderen sozialistischen Parteien, missbraucht und instrumentalisiert den Tod von Floyd, um ihre eigenen politischen Zwecke zu verfolgen. Sie definiert schwarze Menschen als Opfer, die ihnen als williges Elektorat dienen. Zugleich versucht sie mit immer undemokratischeren Gesetzen, jede Debatte über die schädlichen Folgen der Massenimmigration zu verhindern. Diese Entwicklung schadet Deutschland und der EU.",Die Linke  unterstützt von den anderen sozialistischen Parteien  missbraucht und instrumentalisiert den Tod von Floyd  um ihre eigenen politischen Zwecke zu verfolgen  Sie definiert schwarze Menschen als Opfer  die ihnen als williges Elektorat dienen  Zugleich versucht sie mit immer undemokratischeren Gesetzen  jede Debatte über die schädlichen Folgen der Massenimmigration zu verhindern  Diese Entwicklung schadet Deutschland und der EU,58
410,eu9_54233,Bernhard Zimniok,2020-06-17,"George Floyds Tod war ein vermeidbares Unrecht. Er hätte, wie in einem Rechtsstaat üblich, eine faire Gerichtsverhandlung verdient gehabt. Sein Tod rechtfertigt jedoch keine Gewaltausbrüche oder das Niederreißen von Statuen. Dass nun Geschichte umgeschrieben werden soll oder der westlichen Gesellschaft eine Kollektivschuld, beispielsweise für historische Begebenheiten wie die Kolonialzeit, untergejubelt werden soll, ist nicht akzeptabel. Gleiches gilt für die Tatsache, dass eine laute Minderheit ihre Ideologie einer stillen und teilnahmslosen Mehrheit aufdrücken will. Dagegen muss sich jeder anständige Demokrat wehren! Die Behauptung, dass die westliche Gesellschaft ein Hort des strukturellen Rassismus sei, ist blanker Unsinn. Das wird von den Linksextremisten als Vorwand benutzt, um unsere Kultur zu zerstören und unseren Widerstand gegen ihre antidemokratischen Bestrebungen im Keim zu ersticken. Nur, um ihre Utopie eines multikulturellen Staates ohne Grenzen zu etablieren.",George Floyds Tod war ein vermeidbares Unrecht  Er hätte  wie in einem Rechtsstaat üblich  eine faire Gerichtsverhandlung verdient gehabt  Sein Tod rechtfertigt jedoch keine Gewaltausbrüche oder das Niederreißen von Statuen  Dass nun Geschichte umgeschrieben werden soll oder der westlichen Gesellschaft eine Kollektivschuld  beispielsweise für historische Begebenheiten wie die Kolonialzeit  untergejubelt werden soll  ist nicht akzeptabel  Gleiches gilt für die Tatsache  dass eine laute Minderheit ihre Ideologie einer stillen und teilnahmslosen Mehrheit aufdrücken will  Dagegen muss sich jeder anständige Demokrat wehren  Die Behauptung  dass die westliche Gesellschaft ein Hort des strukturellen Rassismus sei  ist blanker Unsinn  Das wird von den Linksextremisten als Vorwand benutzt  um unsere Kultur zu zerstören und unseren Widerstand gegen ihre antidemokratischen Bestrebungen im Keim zu ersticken  Nur  um ihre Utopie eines multikulturellen Staates ohne Grenzen zu etablieren,130
411,eu9_54291,Gunnar Beck,2020-06-17,"Nach Ansicht des Bundesverfassungsgerichts darf der EuGH zwar über die Einhaltung der EU-Verträge wachen, das letzte Wort darüber aber, ob die EU sich noch innerhalb der ihr vertraglich gesetzten Grenzen bewegt, ist die Prärogative der nationalen Verfassungsgerichte. Bislang weigert sich London, auf die überzogenen EU-Forderungen einzugehen. Sollten die Handelsverhandlungen scheitern, schadet dies nicht nur britischen, sondern ebenfalls europäischen Exporteuren, Konsumenten und Arbeitnehmern. Nach dem Brexitvotum und Austritt Großbritanniens ist es an der Zeit, dass die EU endlich ihre Strafexpedition gegen das ehemalige EU-Mitglied beendet.",Nach Ansicht des Bundesverfassungsgerichts darf der EuGH zwar über die Einhaltung der EUVerträge wachen  das letzte Wort darüber aber  ob die EU sich noch innerhalb der ihr vertraglich gesetzten Grenzen bewegt  ist die Prärogative der nationalen Verfassungsgerichte  Bislang weigert sich London  auf die überzogenen EUForderungen einzugehen  Sollten die Handelsverhandlungen scheitern  schadet dies nicht nur britischen  sondern ebenfalls europäischen Exporteuren  Konsumenten und Arbeitnehmern  Nach dem Brexitvotum und Austritt Großbritanniens ist es an der Zeit  dass die EU endlich ihre Strafexpedition gegen das ehemalige EUMitglied beendet,84
412,eu9_54528,Jörg Meuthen,2020-05-14,"Trotzdem betreiben Heerscharen heutiger Politiker auch in diesem Haus dieses Projekt und produzieren damit das krasse Gegenteil des von Schuman Intendierten: Divergenz statt Konvergenz, Aggression statt Friedfertigkeit, Zerfall statt Kooperation. Sie verstehen nur das Chaos nicht, das sie damit anrichten, weil sie viel mehr wollen, als der Schuman-Plan in kluger Beschränkung auf wirtschaftliche Kooperation vorsah, werden wir am Ende alles verlieren. Das ist von historischer Tragik für die Nationen Europas.",Trotzdem betreiben Heerscharen heutiger Politiker auch in diesem Haus dieses Projekt und produzieren damit das krasse Gegenteil des von Schuman Intendierten  Divergenz statt Konvergenz  Aggression statt Friedfertigkeit  Zerfall statt Kooperation  Sie verstehen nur das Chaos nicht  das sie damit anrichten  weil sie viel mehr wollen  als der SchumanPlan in kluger Beschränkung auf wirtschaftliche Kooperation vorsah  werden wir am Ende alles verlieren  Das ist von historischer Tragik für die Nationen Europas,70
413,eu9_54588,Markus Buchheit,2020-05-14,"Heute, fast 20 Jahre später, sind diese Maßnahmen größtenteils nach wie vor in Kraft. Jede staatliche Überwachung, die wir zulassen, ist eine Büchse der Pandora. Es wird diesmal nicht anders sein. Ich schließe mit den Worten von Benjamin Franklin: „Wer die Freiheit aufgibt, um Sicherheit zu gewinnen, wird am Ende beides verlieren.“",Heute  fast 20 Jahre später  sind diese Maßnahmen größtenteils nach wie vor in Kraft  Jede staatliche Überwachung  die wir zulassen  ist eine Büchse der Pandora  Es wird diesmal nicht anders sein  Ich schließe mit den Worten von Benjamin Franklin  „ Wer die Freiheit aufgibt  um Sicherheit zu gewinnen  wird am Ende beides verlieren  “,54
414,eu9_54683,Joachim Kuhs,2020-05-13,"Wenn Sie wirklich auf das Konto unserer Kinder einzahlen wollen, dann vermeiden Sie Euro-Bonds und tun alles dafür, damit unsere Kinder wieder in die Schule gehen können.",Wenn Sie wirklich auf das Konto unserer Kinder einzahlen wollen  dann vermeiden Sie EuroBonds und tun alles dafür  damit unsere Kinder wieder in die Schule gehen können,27
415,eu9_54745,Christine Anderson,2020-05-13,"Im Rahmen des MFR werden auch finanzielle Mittel für den „Green Deal“ bereitgestellt – schlappe 1 Billion Euro. Der European Green Deal ist ein von der Europäischen Kommission vorgestelltes Konzept mit dem Ziel, bis 2050 in der Europäischen Union die Nettoemissionen von Treibhausgasen auf null zu reduzieren und somit als erster Kontinent klimaneutral zu werden. Die Volkswirtschaften sind aufgrund des „Shutdown“ auf Talfahrt. Woher sollen 1 Billion Euro kommen, um eine völlig faktenbefreite und irrsinnige Klima-Wahn-Ideologie zu finanzieren? Trotzdem will die Kommission stur an ihrem „Green Deal“ festhalten. Dabei hat die „Corona-Krise“ den Wahnsinn zutage gefördert: Obwohl in der in den letzten Wochen kaum Autos unterwegs und die Emissionen deutlich reduziert waren, sind die Stickoxidwerte nicht gesunken.",Im Rahmen des MFR werden auch finanzielle Mittel für den „ Green Deal “ bereitgestellt – schlappe 1 Billion Euro  Der European Green Deal ist ein von der Europäischen Kommission vorgestelltes Konzept mit dem Ziel  bis 2050 in der Europäischen Union die Nettoemissionen von Treibhausgasen auf null zu reduzieren und somit als erster Kontinent klimaneutral zu werden  Die Volkswirtschaften sind aufgrund des „ Shutdown “ auf Talfahrt  Woher sollen 1 Billion Euro kommen  um eine völlig faktenbefreite und irrsinnige KlimaWahnIdeologie zu finanzieren  Trotzdem will die Kommission stur an ihrem „ Green Deal “ festhalten  Dabei hat die „ CoronaKrise “ den Wahnsinn zutage gefördert  Obwohl in der in den letzten Wochen kaum Autos unterwegs und die Emissionen deutlich reduziert waren  sind die Stickoxidwerte nicht gesunken,125
416,eu9_54745,Christine Anderson,2020-05-13,"Im Lichte dieser Erkenntnis werden die Forderung nach einem Dieselfahrverbot – was im Übrigen eine Enteignung der Autobesitzer darstellt – und ein Wechsel zu einer sündhaft teuren und ökologisch fragwürdigen Elektrifizierung des Straßenverkehrs als das entlarvt, was sie sind: völliger Schwachsinn! Anstatt 1 Billion Euro in grünen Schwachsinn zu „investieren“, sollte lieber darüber nachgedacht werden, wie man Familien unterstützt, die durch die Auswirkungen der Corona-Krise erhebliche wirtschaftliche Probleme haben. Was wir brauchen ist kein „Green Deal“ – nein, wir brauchen einen „Familien-Deal“.",Im Lichte dieser Erkenntnis werden die Forderung nach einem Dieselfahrverbot – was im Übrigen eine Enteignung der Autobesitzer darstellt – und ein Wechsel zu einer sündhaft teuren und ökologisch fragwürdigen Elektrifizierung des Straßenverkehrs als das entlarvt  was sie sind  völliger Schwachsinn  Anstatt 1 Billion Euro in grünen Schwachsinn zu „ investieren “  sollte lieber darüber nachgedacht werden  wie man Familien unterstützt  die durch die Auswirkungen der CoronaKrise erhebliche wirtschaftliche Probleme haben  Was wir brauchen ist kein „ Green Deal “ – nein  wir brauchen einen „ FamilienDeal “,88
417,eu9_54812,Gunnar Beck,2020-04-16,"Herr Präsident, werte Kollegen! Ludwig XVI. war auf der Jagd, als sein Bote ihm Kunde brachte vom Sturm auf die Bastille. „Das ist eine Revolte“, gelassen der König. „Nein, Sire: die Revolution.“ Ludwig jagte, wir debattieren: im Januar über Green Deal, Klimarettung und die Zukunft Europas und im Februar noch übers dritte Geschlecht und Menschenrechte in Madagaskar. Ein Spitzenbeamter in Madrid bemerkte gar gelassen – im Februar wohlgemerkt –, er erwarte nur eine Handvoll Corona-Infizierter. Asyl für die Welt, Klimanotstand und Genderwahn sind kollektive Symptome eines neurotischen Ausweichens vor der Mühsal der Selbstbehauptung und der Allmachtsfantasien eines ohnmächtigen Patienten: Europas Flucht in die Krankheit. Die Corona-Krise stellt klar: Europa ist krank und daher für Krankheiten anfälliger. Hier sterben pro rata mehr Menschen als irgendwo sonst in der Welt. Japan, Taiwan, Südkorea, obgleich nahe am Infektionsherd, handelten rasch, mit Grenzschließungen, Masken und Tests.",Herr Präsident  werte Kollegen  Ludwig XVI  war auf der Jagd  als sein Bote ihm Kunde brachte vom Sturm auf die Bastille  „ Das ist eine Revolte “  gelassen der König  „ Nein  Sire  die Revolution  “ Ludwig jagte  wir debattieren  im Januar über Green Deal  Klimarettung und die Zukunft Europas und im Februar noch übers dritte Geschlecht und Menschenrechte in Madagaskar  Ein Spitzenbeamter in Madrid bemerkte gar gelassen –   im Februar wohlgemerkt   –  er erwarte nur eine Handvoll CoronaInfizierter  Asyl für die Welt  Klimanotstand und Genderwahn sind kollektive Symptome eines neurotischen Ausweichens vor der Mühsal der Selbstbehauptung und der Allmachtsfantasien eines ohnmächtigen Patienten  Europas Flucht in die Krankheit  Die CoronaKrise stellt klar  Europa ist krank und daher für Krankheiten anfälliger  Hier sterben pro rata mehr Menschen als irgendwo sonst in der Welt  Japan  Taiwan  Südkorea  obgleich nahe am Infektionsherd  handelten rasch  mit Grenzschließungen  Masken und Tests,146
418,eu9_54812,Gunnar Beck,2020-04-16,"Harmonisieren heißt nicht optimieren, Schulden sozialisieren nicht, sie reduzieren, und Geld drucken heißt nicht, reicher zu sein. Wie geht man pleite? Ernest Hemingways Antwort war: „Auf zweierlei Weise: erst ganz langsam und dann sehr plötzlich.” Und wie wird man wieder gesund? Eben nicht durch Flucht in die Krankheit und wie Lemminge alle gemeinsam über die Klippe, sondern durch das Bestellen des eigenen Gartens, und nicht der Allmende.",Harmonisieren heißt nicht optimieren  Schulden sozialisieren nicht  sie reduzieren  und Geld drucken heißt nicht  reicher zu sein  Wie geht man pleite  Ernest Hemingways Antwort war  „ Auf zweierlei Weise  erst ganz langsam und dann sehr plötzlich  ” Und wie wird man wieder gesund  Eben nicht durch Flucht in die Krankheit und wie Lemminge alle gemeinsam über die Klippe  sondern durch das Bestellen des eigenen Gartens  und nicht der Allmende,69
419,eu9_54955,Maximilian Krah,2020-03-26,"Deshalb stellt sich in dieser Krise die Frage, was wir an lieb gewonnenen politischen Projekten infrage stellen müssen, die eben nicht krisenfest sind und die keinen Realitätsbezug haben. Wir werden jetzt – nach diesem shutdown – einen enormen Bedarf haben an Hilfsprogrammen, um die Wirtschaft wieder zum Leben zu erwecken. Wir werden uns die Frage stellen müssen: Ist nicht diese konkrete Hilfe wichtiger als ein Grüner Deal? Ist es nicht an der Zeit zu überlegen, ob dasjenige, was uns hier so lieb und teuer ist – vom Klimanotstand bis zur Gender-Strategie –, ob das nicht weniger wichtig ist als die konkrete Hilfe? Und damit eben auch, ob nicht dasjenige, was politisch an Strukturen konkret ist – weil es die Menschen kennen und weil es demokratisch legitimiert ist –, wichtiger ist als der nächste europäische Arbeitskreis und die nächste föderale Idee, die wir hier aussinnen?",Deshalb stellt sich in dieser Krise die Frage  was wir an lieb gewonnenen politischen Projekten infrage stellen müssen  die eben nicht krisenfest sind und die keinen Realitätsbezug haben  Wir werden jetzt – nach diesem shutdown – einen enormen Bedarf haben an Hilfsprogrammen  um die Wirtschaft wieder zum Leben zu erwecken  Wir werden uns die Frage stellen müssen  Ist nicht diese konkrete Hilfe wichtiger als ein Grüner Deal  Ist es nicht an der Zeit zu überlegen  ob dasjenige  was uns hier so lieb und teuer ist   – vom Klimanotstand bis zur GenderStrategie   –  ob das nicht weniger wichtig ist als die konkrete Hilfe  Und damit eben auch  ob nicht dasjenige  was politisch an Strukturen konkret ist – weil es die Menschen kennen und weil es demokratisch legitimiert ist   –  wichtiger ist als der nächste europäische Arbeitskreis und die nächste föderale Idee  die wir hier aussinnen,144
420,eu9_54955,Maximilian Krah,2020-03-26,"Insofern ist die Krise der Weckruf, uns zurückzubringen zur Realität, wegzukommen von Ideologie und hinzukommen zur Realpolitik. Und dafür stehen wir, und wenn die EU eine Chance haben will, sollte sie sich diesem Trend anschließen. Sie sollte wieder realistisch werden und aufhören, einem Wolkenkuckucksheim nachzulaufen, das niemand braucht und das in der ersten Krise zusammenbricht.",Insofern ist die Krise der Weckruf  uns zurückzubringen zur Realität  wegzukommen von Ideologie und hinzukommen zur Realpolitik  Und dafür stehen wir  und wenn die EU eine Chance haben will  sollte sie sich diesem Trend anschließen  Sie sollte wieder realistisch werden und aufhören  einem Wolkenkuckucksheim nachzulaufen  das niemand braucht und das in der ersten Krise zusammenbricht,55
421,eu9_54973,Markus Buchheit,2020-03-26,"Leider ist das Gegenteil der Fall. Die Kommission hält nach wie vor am sogenannten „Green Deal“ fest, einem Programm, welches auch ohne die Corona-Krise verheerend für die europäische Industrie gewesen wäre. Daher fordere ich: Schluss mit diesem Wahnsinn, das Geld wird an anderer Stelle dringender benötigt! Betreiben wir wieder Industriepolitik, die diesen Namen verdient!",Leider ist das Gegenteil der Fall  Die Kommission hält nach wie vor am sogenannten „ Green Deal “ fest  einem Programm  welches auch ohne die CoronaKrise verheerend für die europäische Industrie gewesen wäre  Daher fordere ich  Schluss mit diesem Wahnsinn  das Geld wird an anderer Stelle dringender benötigt  Betreiben wir wieder Industriepolitik  die diesen Namen verdient,56
422,eu9_55178,Joachim Kuhs,2020-03-10,"Dann tritt Artikel 312 Absatz 4 des AEUV in Kraft. Wir sind dann wiederum bei den Obergrenzen und sonstigen Bestimmungen des bisherigen MFR mit höchstens 1 % des gesamten Volkseinkommens, aber ohne Rabatte. Das ist deutlich weniger als der Spatz in der Hand mit 1,07 %. Oder spekulieren Sie darauf, dass Zahlmeister Deutschland den gewaltigen EU-Hunger nach Geld wiederum stillen wird? Wir von der AfD hätten nichts dagegen, wenn Sie passend zur Bundestagswahl 2021 beim deutschen Steuerzahler in Erklärungsnot geraten.",Dann tritt Artikel   312 Absatz   4 des AEUV in Kraft  Wir sind dann wiederum bei den Obergrenzen und sonstigen Bestimmungen des bisherigen MFR mit höchstens 1    des gesamten Volkseinkommens  aber ohne Rabatte  Das ist deutlich weniger als der Spatz in der Hand mit 107     Oder spekulieren Sie darauf  dass Zahlmeister Deutschland den gewaltigen EUHunger nach Geld wiederum stillen wird  Wir von der AfD hätten nichts dagegen  wenn Sie passend zur Bundestagswahl 2021 beim deutschen Steuerzahler in Erklärungsnot geraten,78
423,eu9_55700,Christine Anderson,2020-02-12,"Hören Sie endlich auf, die Menschen zu bloßen Objekten ihre Gesellschaftsexperimente zu machen. Hören Sie auf, die Menschen umerziehen zu wollen. Hören Sie auf, die Menschen Ihren wahnhaften Vorstellungen von Gesellschaft entsprechend anzupassen. Lassen Sie die Menschen wieder Menschen sein!",Hören Sie endlich auf  die Menschen zu bloßen Objekten ihre Gesellschaftsexperimente zu machen  Hören Sie auf  die Menschen umerziehen zu wollen  Hören Sie auf  die Menschen Ihren wahnhaften Vorstellungen von Gesellschaft entsprechend anzupassen  Lassen Sie die Menschen wieder Menschen sein,40
424,eu9_55881,Bernhard Zimniok,2020-02-12,"Wir lassen auf der einen Seite freudig jeden Illegalen ohne Kontrolle ins Land, auf der anderen Seite brauchen Sie neuerdings ein Pflanzengesundheitszeugnis, wenn Sie Pflanzen und Früchte aus dem Urlaub mitbringen. Wie absurd ist denn das? Setzen wir endlich die richtigen Signale! Stellen wir uns endlich unserer Verantwortung für den europäischen Bürger, verhindern wir die zahlreichen Toten im Mittelmeer, verhindern wir den Braindrain in den Herkunftsländern und hören wir endlich auf mit der Gefühlsduselei! Machen wir die Grenzen dicht!",Wir lassen auf der einen Seite freudig jeden Illegalen ohne Kontrolle ins Land  auf der anderen Seite brauchen Sie neuerdings ein Pflanzengesundheitszeugnis  wenn Sie Pflanzen und Früchte aus dem Urlaub mitbringen  Wie absurd ist denn das  Setzen wir endlich die richtigen Signale  Stellen wir uns endlich unserer Verantwortung für den europäischen Bürger  verhindern wir die zahlreichen Toten im Mittelmeer  verhindern wir den Braindrain in den Herkunftsländern und hören wir endlich auf mit der Gefühlsduselei  Machen wir die Grenzen dicht,79
425,eu9_55902,Nicolaus Fest,2020-02-12,"Die EU sollte sich auch nicht als Erfüllungsgehilfe der Digitalindustrie verstehen, die möglichst früh Zugriff auf immer jüngere Konsumenten haben will. Genauso wie man Kinder vor Alkohol und Pornografie schützt, sollte man sie auch vor solchen Dingen schützen, die sie vor allem verblöden lassen.",Die EU sollte sich auch nicht als Erfüllungsgehilfe der Digitalindustrie verstehen  die möglichst früh Zugriff auf immer jüngere Konsumenten haben will  Genauso wie man Kinder vor Alkohol und Pornografie schützt  sollte man sie auch vor solchen Dingen schützen  die sie vor allem verblöden lassen,44
426,eu9_55982,Markus Buchheit,2020-02-11,"Ich darf Sie nur um eines bitten – und ich weiß, es fällt Ihnen insbesondere in diesen Tagen schwer –, und das ist die Anerkennung eines demokratischen Prozesses, eines demokratischen Entscheides in Großbritannien: Akzeptieren Sie Großbritannien als Partner, als Gesprächspartner auf Augenhöhe, und betrachten Sie die nun kommenden Möglichkeiten eines neuen Freihandelsabkommens eben auch als Möglichkeit eines Neustartes, als Möglichkeit zum Brückenbau – statt hier mit harter Hand, wie es eben gefordert wurde, vorzugehen – und zum Neustart für unsere Beziehungen diesseits und jenseits des Kanals.",Ich darf Sie nur um eines bitten – und ich weiß  es fällt Ihnen insbesondere in diesen Tagen schwer –  und das ist die Anerkennung eines demokratischen Prozesses  eines demokratischen Entscheides in Großbritannien  Akzeptieren Sie Großbritannien als Partner  als Gesprächspartner auf Augenhöhe  und betrachten Sie die nun kommenden Möglichkeiten eines neuen Freihandelsabkommens eben auch als Möglichkeit eines Neustartes  als Möglichkeit zum Brückenbau – statt hier mit harter Hand  wie es eben gefordert wurde  vorzugehen – und zum Neustart für unsere Beziehungen diesseits und jenseits des Kanals,86
427,eu9_56084,Gunnar Beck,2020-02-11,"Erstens den Großvermögenden, die weiter das Ihre mehren, und zweitens den unverantwortlichen Regierungen, denn ohne Draghis Negativzinsen könnte sich Frau Merkel ihre Weltrettungsfantasien gar nicht leisten.",Erstens den Großvermögenden  die weiter das Ihre mehren  und zweitens den unverantwortlichen Regierungen  denn ohne Draghis Negativzinsen könnte sich Frau Merkel ihre Weltrettungsfantasien gar nicht leisten,26
428,eu9_56453,Nicolaus Fest,2020-02-10,"Die Erweiterung der EU zum jetzigen Zeitpunkt um weitere Länder ist ein weiterer Sargnagel für ihre Existenz. Lösen Sie erst einmal die Wirtschaftsprobleme der EU, dann sollten Sie weitersehen.",Die Erweiterung der EU zum jetzigen Zeitpunkt um weitere Länder ist ein weiterer Sargnagel für ihre Existenz  Lösen Sie erst einmal die Wirtschaftsprobleme der EU  dann sollten Sie weitersehen,29
429,eu9_56528,Markus Buchheit,2020-02-10,"Herr Präsident, sehr geehrte Damen und Herren! Bei uns hat sich eine Lobby breitgemacht, und es ist dies die Lobby der blumigen Wohlstandsvernichter mit besonderer Abneigung gegen Großkonzerne, aber dann eben auch mit mittelbaren negativen Folgen gegenüber den kleinen und mittelständischen Unternehmen. Insbesondere unsere grünen Kollegen hier sind der Ansicht, der Staat könne wirtschaftspolitische Probleme durch Eingriffe besser lösen als der Wettbewerb selbst. Das ist allerdings nicht der Fall. Wir wissen auch seit Jahren, wo die Probleme im Bereich der kleinen und mittelständischen Unternehmen liegen, nämlich insbesondere im Bereich der steuerlichen Belastungen und der Bürokratie. Der Green Deal und die CO2—Steuer belasten den Mittelstand in den kommenden Jahren immer mehr. Bürokratie trifft den Mittelstand in stärkerem Maße als die Großindustrie. Der Tagesordnungspunkt ist deswegen völlig verfehlt. Er sollte nicht „Better Regulation“ lauten, sondern „Less Regulation“.",Herr Präsident  sehr geehrte Damen und Herren  Bei uns hat sich eine Lobby breitgemacht  und es ist dies die Lobby der blumigen Wohlstandsvernichter mit besonderer Abneigung gegen Großkonzerne  aber dann eben auch mit mittelbaren negativen Folgen gegenüber den kleinen und mittelständischen Unternehmen  Insbesondere unsere grünen Kollegen hier sind der Ansicht  der Staat könne wirtschaftspolitische Probleme durch Eingriffe besser lösen als der Wettbewerb selbst  Das ist allerdings nicht der Fall  Wir wissen auch seit Jahren  wo die Probleme im Bereich der kleinen und mittelständischen Unternehmen liegen  nämlich insbesondere im Bereich der steuerlichen Belastungen und der Bürokratie  Der Green Deal und die CO2—Steuer belasten den Mittelstand in den kommenden Jahren immer mehr  Bürokratie trifft den Mittelstand in stärkerem Maße als die Großindustrie  Der Tagesordnungspunkt ist deswegen völlig verfehlt  Er sollte nicht „ Better Regulation “ lauten  sondern „ Less Regulation “,139
430,eu9_56528,Markus Buchheit,2020-02-10,"Befreit den Mittelstand endlich von seinen staatlichen Fesseln und lasst ihn wieder zu dem werden, was er einmal war, nämlich Motor unserer Beschäftigung und unserer Wirtschaft.",Befreit den Mittelstand endlich von seinen staatlichen Fesseln und lasst ihn wieder zu dem werden  was er einmal war  nämlich Motor unserer Beschäftigung und unserer Wirtschaft,26
431,eu9_56558,Markus Buchheit,2020-02-10,"Wenn ich höre, dass den Grünen zu viele Gasvorhaben in das TEN-E-Programm einbezogen werden, aus der gleichen Gruppe dann aber auch die Forderung nach der Abschaltung von Kohlekraftwerken kommt und in Ländern wie Deutschland auch der Atomstrom vor dem Aus steht, dann frage ich mich, ob Sie die Versorgung der Verbraucher einzig und allein den Launen der Natur überlassen wollen. Gleichzeitig brauchen wir aber auch Kostensenkungen, insbesondere im Strombereich. Es kann nicht angehen, dass Privatunternehmen durch das Aufspringen auf die Fördermöglichkeiten des TEN-E-Programmes bisherige Investitionsversäumnisse auf den Steuerzahler umwälzen. Zudem muss eines ganz klar sein: Die Gas- und Stromversorgung ist ein hochsensibler, ja ein strategischer Bereich unserer Infrastruktur, bei der wir es nicht zulassen dürfen, dass sie zu Erpressungsmasse wird – weder durch ausländische Staaten, wie im letzten Falle China in Deutschland, noch durch Firmen wie 50Hertz.",Wenn ich höre  dass den Grünen zu viele Gasvorhaben in das TENEProgramm einbezogen werden  aus der gleichen Gruppe dann aber auch die Forderung nach der Abschaltung von Kohlekraftwerken kommt und in Ländern wie Deutschland auch der Atomstrom vor dem Aus steht  dann frage ich mich  ob Sie die Versorgung der Verbraucher einzig und allein den Launen der Natur überlassen wollen  Gleichzeitig brauchen wir aber auch Kostensenkungen  insbesondere im Strombereich  Es kann nicht angehen  dass Privatunternehmen durch das Aufspringen auf die Fördermöglichkeiten des TENEProgrammes bisherige Investitionsversäumnisse auf den Steuerzahler umwälzen  Zudem muss eines ganz klar sein  Die Gas und Stromversorgung ist ein hochsensibler  ja ein strategischer Bereich unserer Infrastruktur  bei der wir es nicht zulassen dürfen  dass sie zu Erpressungsmasse wird – weder durch ausländische Staaten  wie im letzten Falle China in Deutschland  noch durch Firmen wie 50Hertz,137
432,eu9_56951,Nicolaus Fest,2020-01-29,"Die EU muss aufhören, illegale Migration gleichsam als unvermeidlich hinzunehmen und aufhören, Länder zu kritisieren, die ihre Grenzen schützen. Das ist rule of law, das ist nicht hate speech. Europas Menschen, Kulturen und Traditionen verdienen nämlich genauso viel Schutz und Respekt wie die der indigenen Völker.",Die EU muss aufhören  illegale Migration gleichsam als unvermeidlich hinzunehmen und aufhören  Länder zu kritisieren  die ihre Grenzen schützen  Das ist rule of law  das ist nicht hate speech  Europas Menschen  Kulturen und Traditionen verdienen nämlich genauso viel Schutz und Respekt wie die der indigenen Völker,46
433,eu9_57125,Maximilian Krah,2020-01-16,"Insofern ist die Lösung das, was mein Kollege Kuhs bereits angesprochen hat, nämlich die persönliche Betroffenheit zu stärken, indem wir Fälle offensichtlichen Missbrauchs an die Öffentlichkeit geben. Das Korrektiv für politisches Fehlverhalten ist eine kritische Öffentlichkeit, aber nicht die hundertste oder tausendste Behörde mit Regularien.",Insofern ist die Lösung das  was mein Kollege Kuhs bereits angesprochen hat  nämlich die persönliche Betroffenheit zu stärken  indem wir Fälle offensichtlichen Missbrauchs an die Öffentlichkeit geben  Das Korrektiv für politisches Fehlverhalten ist eine kritische Öffentlichkeit  aber nicht die hundertste oder tausendste Behörde mit Regularien,45
434,eu9_57618,Joachim Kuhs,2020-01-15,"Wir sollten uns höchstens fragen, ob die Regeln, die wir uns gegeben haben, noch passen oder ob wir vielleicht sogar diese Subventionen komplett abschaffen sollten.",Wir sollten uns höchstens fragen  ob die Regeln  die wir uns gegeben haben  noch passen oder ob wir vielleicht sogar diese Subventionen komplett abschaffen sollten,25
435,eu9_57642,Sylvia Limmer,2020-01-15,"Herr Präsident, sehr geehrte Kollegen! Wer von uns will das nicht: saubere Luft, saubere Flüsse, eine intakte Umwelt und den Schutz der heimischen Flora und Fauna. Da bin ich sofort bei Ihnen, in einer vernünftigen Art an den entsprechenden Rahmenbedingungen mitzuwirken. Wobei natürlich gleich hier heftige Diskussionen anstehen dürften. Für mich ist der Mensch Teil unseres Ökosystems, während man bei vielen grün-linken Forderungen schon mal ins Grübeln gerät, ob da nicht der Gedanke Pate stand, ohne die Menschheit wäre sowieso alles viel besser. Mich treibt Grundsätzlicheres um: Umweltschutz war gestern, heute wird lieber scheinheilig das Klima gerettet – mit fatalen Folgen für die Umwelt, was die Klimaendzeitjünger wenig kümmert. Dass der Klimareligion Landschaftsschutz und vor allem viele Waldflächen für Windindustrieanlagen zum Opfer fallen, quittieren Gretas Truppen mit erstaunlichem ökologischen Gleichmut.",Herr Präsident  sehr geehrte Kollegen  Wer von uns will das nicht  saubere Luft  saubere Flüsse  eine intakte Umwelt und den Schutz der heimischen Flora und Fauna  Da bin ich sofort bei Ihnen  in einer vernünftigen Art an den entsprechenden Rahmenbedingungen mitzuwirken  Wobei natürlich gleich hier heftige Diskussionen anstehen dürften  Für mich ist der Mensch Teil unseres Ökosystems  während man bei vielen grünlinken Forderungen schon mal ins Grübeln gerät  ob da nicht der Gedanke Pate stand  ohne die Menschheit wäre sowieso alles viel besser  Mich treibt Grundsätzlicheres um  Umweltschutz war gestern  heute wird lieber scheinheilig das Klima gerettet – mit fatalen Folgen für die Umwelt  was die Klimaendzeitjünger wenig kümmert  Dass der Klimareligion Landschaftsschutz und vor allem viele Waldflächen für Windindustrieanlagen zum Opfer fallen  quittieren Gretas Truppen mit erstaunlichem ökologischen Gleichmut,130
436,eu9_57642,Sylvia Limmer,2020-01-15,"Ebenso, dass viele Flächen dabei dauerhaft versiegelt werden, was sie nicht davon abhält, mit verlogener Inbrunst eine bessere Zertifizierung von Produkten ohne Entwaldung zu fordern. Darf ich lachen? Einerseits wird die Übernutzung der Meere beklagt, eine Beeinträchtigung von Küstenregionen beweint, andererseits schwadroniert der Grüne Deal von der großen Bedeutung der Meere für den Bau von Offshore-Windindustrieanlagen. Und diejenigen, die einst ein Verbot von Cadmium und Blei in Solarmodulen oder Schwefelhexafluorid nicht verhindert haben, greinen heute über den Einsatz von Pestiziden und sind auch die Gleichen, die nicht im Mindesten mit der Wimper zucken, wenn für den Abbau von seltenen Erden – in Batterien zum Beispiel – hochradioaktives Thorium und andere toxische Abraumprodukte in China anfallen, und jammern stattdessen in altbewährter Manier über die angeblichen Belastungen für die biologische Vielfalt durch den Klimawandel.",Ebenso  dass viele Flächen dabei dauerhaft versiegelt werden  was sie nicht davon abhält  mit verlogener Inbrunst eine bessere Zertifizierung von Produkten ohne Entwaldung zu fordern  Darf ich lachen  Einerseits wird die Übernutzung der Meere beklagt  eine Beeinträchtigung von Küstenregionen beweint  andererseits schwadroniert der Grüne Deal von der großen Bedeutung der Meere für den Bau von OffshoreWindindustrieanlagen  Und diejenigen  die einst ein Verbot von Cadmium und Blei in Solarmodulen oder Schwefelhexafluorid nicht verhindert haben  greinen heute über den Einsatz von Pestiziden und sind auch die Gleichen  die nicht im Mindesten mit der Wimper zucken  wenn für den Abbau von seltenen Erden – in Batterien zum Beispiel – hochradioaktives Thorium und andere toxische Abraumprodukte in China anfallen  und jammern stattdessen in altbewährter Manier über die angeblichen Belastungen für die biologische Vielfalt durch den Klimawandel,132
437,eu9_57890,Guido Reil,2020-01-14,"Frau Präsidentin, liebe Kolleginnen und Kollegen! Der Grüne Deal ist das unsozialste Projekt in der Geschichte der Europäischen Union, und wer glaubt, den Niedergang von Kohleregionen mit Geld, mit Strukturhilfen verhindern zu können, der hat aus der Geschichte und aus der Vergangenheit nichts gelernt. Also ich habe zufällig ein bisschen Ahnung davon, ich habe die letzten 33 Jahre im Bergbau im Ruhrgebiet gearbeitet – bis zu meinem Einzug ins Europäische Parlament. Es gibt da keinen Bergbau mehr, und meine Heimat, das Ruhrgebiet, ist heute das Armenhaus Deutschlands. In meiner Geburtsstadt Gelsenkirchen gibt es die höchste Arbeitslosenquote in Deutschland, es gibt die meisten armen Kinder, und es gibt die meisten armen Alten. In den ehemaligen Kohleregionen in Belgien, in Frankreich und in England sieht es genauso aus, da müssen wir uns doch nichts vormachen, guckt es euch an! In Polen wird es ganz genauso laufen.",Frau Präsidentin  liebe Kolleginnen und Kollegen  Der Grüne Deal ist das unsozialste Projekt in der Geschichte der Europäischen Union  und wer glaubt  den Niedergang von Kohleregionen mit Geld  mit Strukturhilfen verhindern zu können  der hat aus der Geschichte und aus der Vergangenheit nichts gelernt  Also ich habe zufällig ein bisschen Ahnung davon  ich habe die letzten 33 Jahre im Bergbau im Ruhrgebiet gearbeitet – bis zu meinem Einzug ins Europäische Parlament  Es gibt da keinen Bergbau mehr  und meine Heimat  das Ruhrgebiet  ist heute das Armenhaus Deutschlands  In meiner Geburtsstadt Gelsenkirchen gibt es die höchste Arbeitslosenquote in Deutschland  es gibt die meisten armen Kinder  und es gibt die meisten armen Alten  In den ehemaligen Kohleregionen in Belgien  in Frankreich und in England sieht es genauso aus  da müssen wir uns doch nichts vormachen  guckt es euch an  In Polen wird es ganz genauso laufen,144
438,eu9_57890,Guido Reil,2020-01-14,"100 000 Arbeitsplätze werden verloren gehen, es wird eine Katastrophe für Schlesien geben. Wir reden nicht nur über den Bergbau. Der Motor der deutschen Wirtschaft ist die Automobilindustrie, und es schätzen heute Berater der Bundesregierung, dass 410 000 Arbeitsplätze verloren gehen! Das wird uns das Rückgrat brechen. Lasst uns diesen Wahnsinn beenden!",100   000 Arbeitsplätze werden verloren gehen  es wird eine Katastrophe für Schlesien geben  Wir reden nicht nur über den Bergbau  Der Motor der deutschen Wirtschaft ist die Automobilindustrie  und es schätzen heute Berater der Bundesregierung  dass 410   000 Arbeitsplätze verloren gehen  Das wird uns das Rückgrat brechen  Lasst uns diesen Wahnsinn beenden,52
439,eu9_58070,Markus Buchheit,2020-01-14,"Doch solche Initiativen sind genau der falsche Anreiz. Sie setzen das falsche Signal und sorgen dafür, dass nicht weniger, sondern mehr Menschen in Not geraten.",Doch solche Initiativen sind genau der falsche Anreiz  Sie setzen das falsche Signal und sorgen dafür  dass nicht weniger  sondern mehr Menschen in Not geraten,25
440,eu9_58147,Bernhard Zimniok,2020-01-14,"Die EU muss deshalb alles in ihrer Macht Stehende dafür einsetzen, den türkischen Einsatz in Libyen zu beenden, den Flüchtlingsdeal aufzukündigen und den Grenzschutz endlich selbst zu übernehmen.",Die EU muss deshalb alles in ihrer Macht Stehende dafür einsetzen  den türkischen Einsatz in Libyen zu beenden  den Flüchtlingsdeal aufzukündigen und den Grenzschutz endlich selbst zu übernehmen,28
441,eu9_58206,Sylvia Limmer,2020-01-13,"Frau Präsidentin! Was mich am allermeisten bei der Diskussion stört, ist die sensationsgeile Zufriedenheit linksgrüner Klimaneurotiker bezüglich der schrecklichen Brände in Australien nach dem Motto: Hier ist endlich der Beweis menschengemachten Klimawandels. Schämen Sie sich, und zwar bitte kräftig. Ohne zynisch klingen zu wollen: Immer wieder entwickelten sich verheerende Feuersbrünste aus den Bränden, die zum Ökosystem des Kontinents gehören: 1851, 1939, 1983, 1974, 1975 zum Beispiel waren solche Jahre. Und das Thema Trockenheit? Tatsächlich gibt es eine Tendenz zu einer höheren jährlichen Niederschlagsmenge hin, wie man hier in dieser deskriptiven Statistik der letzten 120 Jahre erahnen kann, auch wenn 2019 besonders niederschlagsarm war. Die Gründe für die Brände? Unter anderem war es neben Brandstiftung besonders die verquere Politik grüner Umweltschützer, die die staatlichen Programme zum gezielten Abbrennen von Totholz verhinderten.",Frau Präsidentin  Was mich am allermeisten bei der Diskussion stört  ist die sensationsgeile Zufriedenheit linksgrüner Klimaneurotiker bezüglich der schrecklichen Brände in Australien nach dem Motto  Hier ist endlich der Beweis menschengemachten Klimawandels  Schämen Sie sich  und zwar bitte kräftig  Ohne zynisch klingen zu wollen  Immer wieder entwickelten sich verheerende Feuersbrünste aus den Bränden  die zum Ökosystem des Kontinents gehören  1851  1939  1983  1974  1975 zum Beispiel waren solche Jahre  Und das Thema Trockenheit  Tatsächlich gibt es eine Tendenz zu einer höheren jährlichen Niederschlagsmenge hin  wie man hier in dieser deskriptiven Statistik der letzten 120   Jahre erahnen kann  auch wenn 2019 besonders niederschlagsarm war  Die Gründe für die Brände  Unter anderem war es neben Brandstiftung besonders die verquere Politik grüner Umweltschützer  die die staatlichen Programme zum gezielten Abbrennen von Totholz verhinderten,130
442,eu9_58206,Sylvia Limmer,2020-01-13,"Dies hat die sogenannte Brandlast massiv erhöht. Auch kleine Buschbrände können sich dann desaströs entwickeln. Übrigens machen diese Fakten das Leid der Betroffenen nicht erträglicher, ebenso wenig das Drama in der Tierwelt.",Dies hat die sogenannte Brandlast massiv erhöht  Auch kleine Buschbrände können sich dann desaströs entwickeln  Übrigens machen diese Fakten das Leid der Betroffenen nicht erträglicher  ebenso wenig das Drama in der Tierwelt,32
443,eu9_58479,Christine Anderson,2019-12-19,"Wenn aber die kausale Ursache eines Problems nicht einmal mehr benannt werden darf, dann tun Sie hier bitte nicht so, als sei Ihnen am Schicksal dieser Kinder gelegen. Ihre öffentlich zelebrierte moralische Überlegenheit, die Sie wie einen Popanz vor sich hertragen, ist nichts anderes als der Heiligenschein der Scheinheiligen.",Wenn aber die kausale Ursache eines Problems nicht einmal mehr benannt werden darf  dann tun Sie hier bitte nicht so  als sei Ihnen am Schicksal dieser Kinder gelegen  Ihre öffentlich zelebrierte moralische Überlegenheit  die Sie wie einen Popanz vor sich hertragen  ist nichts anderes als der Heiligenschein der Scheinheiligen,49
444,eu9_58686,Markus Buchheit,2019-12-18,"Frau Präsidentin, sehr geehrte Kolleginnen und Kollegen! Das Mercosur-Abkommen hätte eine Erfolgsgeschichte werden können. 35 % Einfuhrzölle auf Kfz aus Europa in Argentinien und Brasilien waren bislang ein Riesenhandelshemmnis. Es wäre also eine historische Chance für diese Branche gewesen, und die ursprünglichen Meldungen aus der Automobilbranche zum Abschluss – beziehungsweise zum Abschluss der Verhandlungen – waren auch dementsprechend positiv. Dann wurde nicht nur eine neue Kandidatin für den Vorsitz der Kommission aus dem Hut gezaubert, sondern mit ihr auch ein Green Deal, der die bisherige Produktionsmatrix unserer Wirtschaft vollkommen infrage stellt, und das auch noch neckisch garniert mit dem Bild einer Mondmission. Was wollen wir denn überhaupt exportieren?",Frau Präsidentin  sehr geehrte Kolleginnen und Kollegen  Das MercosurAbkommen hätte eine Erfolgsgeschichte werden können  35    Einfuhrzölle auf Kfz aus Europa in Argentinien und Brasilien waren bislang ein Riesenhandelshemmnis  Es wäre also eine historische Chance für diese Branche gewesen  und die ursprünglichen Meldungen aus der Automobilbranche zum Abschluss – beziehungsweise zum Abschluss der Verhandlungen – waren auch dementsprechend positiv  Dann wurde nicht nur eine neue Kandidatin für den Vorsitz der Kommission aus dem Hut gezaubert  sondern mit ihr auch ein Green Deal  der die bisherige Produktionsmatrix unserer Wirtschaft vollkommen infrage stellt  und das auch noch neckisch garniert mit dem Bild einer Mondmission  Was wollen wir denn überhaupt exportieren,107
445,eu9_58686,Markus Buchheit,2019-12-18,"Deswegen ist das Bild von der Mondmission, welches die Kommissionspräsidentin zum Green Deal malte, vielleicht auch gar nicht so verkehrt. Das Ziel, zum Mond zu gelangen, hatten jedenfalls auch die Männer der Apollo-13-Mission, und an die erinnert der Green Deal bereits jetzt. Nach der Explosion eines Sauerstofftanks blieb den Astronauten nur die Umkehr auf halber Strecke. Genau das droht der Kommission auch mit ihrem Harakiri-Manöver, den Green Deal in die globalisierte Weltwirtschaft einpressen zu wollen, bei der es um Kostenvorteile und Marktanteile geht, aber ganz sicher nicht um Ideologien.",Deswegen ist das Bild von der Mondmission  welches die Kommissionspräsidentin zum Green Deal malte  vielleicht auch gar nicht so verkehrt  Das Ziel  zum Mond zu gelangen  hatten jedenfalls auch die Männer der Apollo13Mission  und an die erinnert der Green Deal bereits jetzt  Nach der Explosion eines Sauerstofftanks blieb den Astronauten nur die Umkehr auf halber Strecke  Genau das droht der Kommission auch mit ihrem HarakiriManöver  den Green Deal in die globalisierte Weltwirtschaft einpressen zu wollen  bei der es um Kostenvorteile und Marktanteile geht  aber ganz sicher nicht um Ideologien,89
446,eu9_59352,Gunnar Beck,2019-12-16,"Tatsächlich sinken die Renten, stagnieren die Reallöhne, die Verschuldung steigt und die Wirtschaft stagniert. Warum? Die EU und die Regierungen sollten endlich ehrlich sein: Sie brauchen immer mehr Geld, um ihre multikulturellen LBGT- und Weltrettungsfantasien auszuleben. Deshalb will die EU das Einstimmigkeitsprinzip bei Steuern untergraben und verlangt mehr Überwachung und mächtigere Staatsanwälte. Die EU will neue und höhere Steuern und weniger Demokratie, die Bürger aber wollen das Gegenteil.",Tatsächlich sinken die Renten  stagnieren die Reallöhne  die Verschuldung steigt und die Wirtschaft stagniert  Warum  Die EU und die Regierungen sollten endlich ehrlich sein  Sie brauchen immer mehr Geld  um ihre multikulturellen LBGT und Weltrettungsfantasien auszuleben  Deshalb will die EU das Einstimmigkeitsprinzip bei Steuern untergraben und verlangt mehr Überwachung und mächtigere Staatsanwälte  Die EU will neue und höhere Steuern und weniger Demokratie  die Bürger aber wollen das Gegenteil,68
447,eu9_59401,Gunnar Beck,2019-12-16,"Gerade deshalb fordert das Parlament Rechtsbeugung und Artikel 113 der Verträge zur Einstimmigkeit möglichst außer Acht zu lassen. Drittens hat die EU bereits jetzt die höchste Staatsquote und die höchsten Konsum-, Personen- und Unternehmenssteuern der OECD. Verwendet werden diese Steuern für Bankenrettungen und illegale Einwanderung. Allein Deutschland zahlt jährlich über 60 Milliarden für illegale Immigranten und über 100 Milliarden für den Euro. Werte Kollegen, kommen Sie doch zu Sinnen. Die Bürger wollen mehr Demokratie und Rechtsstaat, keine weiteren Zwangsabgaben, Weltrettungsfantasien und eine Währung, die keinen Bestand haben kann.",Gerade deshalb fordert das Parlament Rechtsbeugung und Artikel 113 der Verträge zur Einstimmigkeit möglichst außer Acht zu lassen  Drittens hat die EU bereits jetzt die höchste Staatsquote und die höchsten Konsum  Personen und Unternehmenssteuern der OECD  Verwendet werden diese Steuern für Bankenrettungen und illegale Einwanderung  Allein Deutschland zahlt jährlich über 60 Milliarden für illegale Immigranten und über 100 Milliarden für den Euro  Werte Kollegen  kommen Sie doch zu Sinnen  Die Bürger wollen mehr Demokratie und Rechtsstaat  keine weiteren Zwangsabgaben  Weltrettungsfantasien und eine Währung  die keinen Bestand haben kann,88
448,eu9_59493,Markus Buchheit,2019-12-11,"Frau Präsidentin, meine sehr verehrten Kollegen! Der European Green Deal ging mit drei Versprechen ins Rennen: Das erste war die Reduktion von Emissionen, das zweite die Schaffung von Arbeitsplätzen und das dritte die Verbesserung der Lebensqualität. Emissionen reduzieren, das ist ein nobles Ansinnen. Doch allein die EU wird den Klimawandel nicht aufhalten – gerade einmal 10 % der globalen Emissionen sind tatsächlich in der EU gemacht. Allein die Inbetriebnahme von 300 neuen Kohlekraftwerken in China wird alle harten und teuren Einsparungen der EU obsolet werden lassen. Ob die Maßnahmen des Green Deal also letztlich dem Weltklima nutzen werden, das steht in den Sternen. Sicher hingegen ist momentan vor allem eines, nämlich die weitere Belastung und Gängelung unserer Bürger für Energie und für Fortbewegung.",Frau Präsidentin  meine sehr verehrten Kollegen  Der European Green Deal ging mit drei Versprechen ins Rennen  Das erste war die Reduktion von Emissionen  das zweite die Schaffung von Arbeitsplätzen und das dritte die Verbesserung der Lebensqualität  Emissionen reduzieren  das ist ein nobles Ansinnen  Doch allein die EU wird den Klimawandel nicht aufhalten – gerade einmal 10    der globalen Emissionen sind tatsächlich in der EU gemacht  Allein die Inbetriebnahme von 300 neuen Kohlekraftwerken in China wird alle harten und teuren Einsparungen der EU obsolet werden lassen  Ob die Maßnahmen des Green Deal also letztlich dem Weltklima nutzen werden  das steht in den Sternen  Sicher hingegen ist momentan vor allem eines  nämlich die weitere Belastung und Gängelung unserer Bürger für Energie und für Fortbewegung,122
449,eu9_59842,Maximilian Krah,2019-11-27,"Wer konnte denn im öffentlich-rechtlichen Rundfunk erklären, warum Trump gewählt wurde oder wie es zum Krieg in der Ostukraine kommt? Nichts als Verschwörungstheorien findet man da, aber keine profunde Analyse. Wer sich also um die Demokratie Gedanken macht, der muss den Wettstreit der Meinungen und die Konkurrenz der Anbieter herstellen, aber sicherlich nicht mit Geheimdiensten versuchen, andere Meinungen mundtot zu machen.",Wer konnte denn im öffentlichrechtlichen Rundfunk erklären  warum Trump gewählt wurde oder wie es zum Krieg in der Ostukraine kommt  Nichts als Verschwörungstheorien findet man da  aber keine profunde Analyse  Wer sich also um die Demokratie Gedanken macht  der muss den Wettstreit der Meinungen und die Konkurrenz der Anbieter herstellen  aber sicherlich nicht mit Geheimdiensten versuchen  andere Meinungen mundtot zu machen,61
450,eu9_59885,Bernhard Zimniok,2019-11-27,"Ich hätte eine Frage an die beiden Vorredner. Aber ich glaube, der erste ist nicht mehr da. Dieses Projekt EU-Erweiterung ist ein reines Elitenprojekt, und es gibt dafür in der Bevölkerung keine Mehrheit, die das mitträgt. Allein in Deutschland haben sich in aktuellen Umfragen mehr als 46 % dafür ausgesprochen, nicht zu erweitern. Aber das wird anscheinend ignoriert, denn das Volk scheint dumm zu sein. Sind wir klüger?",Ich hätte eine Frage an die beiden Vorredner  Aber ich glaube  der erste ist nicht mehr da  Dieses Projekt EUErweiterung ist ein reines Elitenprojekt  und es gibt dafür in der Bevölkerung keine Mehrheit  die das mitträgt  Allein in Deutschland haben sich in aktuellen Umfragen mehr als 46    dafür ausgesprochen  nicht zu erweitern  Aber das wird anscheinend ignoriert  denn das Volk scheint dumm zu sein  Sind wir klüger,67
451,eu9_59929,Nicolaus Fest,2019-11-27,"Sie sprachen, verehrte Frau Mogherini, vom politischen Willen, der erforderlich sei, um dieses Problem zu lösen. Nehmen Sie doch bitte endlich zur Kenntnis: Aufseiten der Palästinenser, der palästinensischen Führung gibt es diesen Willen nicht, und es wird ihn auch nicht geben. Deshalb ist Ihre Politik, die Politik der Zweistaatenlösung, falsch.",Sie sprachen  verehrte Frau Mogherini  vom politischen Willen  der erforderlich sei  um dieses Problem zu lösen  Nehmen Sie doch bitte endlich zur Kenntnis  Aufseiten der Palästinenser  der palästinensischen Führung gibt es diesen Willen nicht  und es wird ihn auch nicht geben  Deshalb ist Ihre Politik  die Politik der Zweistaatenlösung  falsch,50
452,eu9_60047,Jörg Meuthen,2019-11-26,"Beide Parteien verkaufen im Grunde genommen alles, wofür sie einmal standen. Ich kann nur hoffen, dass sich der Rat in einem luziden Moment doch noch eines Besseren besinnt und die Einigung zum Haushalt nicht mitträgt. Aber leider herrscht wohl auch dort der gleiche Ungeist der sinnfreien Verschwendung. Sie wollen klimapolitische Projekte zusätzlich mit 500 Millionen EUR ausstatten. Das ist klassische Subventionspolitik, reine Ideologiebefriedigung, komplette Fehlallokation. Haben Sie Ihre Milchseen und Butterberge von damals eigentlich bereits vergessen? Diese wirtschaftspolitische Steuerung von oben hat damals nicht funktioniert, und sie wird auch in Zukunft nicht funktionieren. Der immer noch gigantische Anteil des Agrarbudgets sollte Ihnen doch Mahnung genug sein. Mir schwant Böses, wenn ich mir neben der direkten Subventionierung aus dem Haushalt die EZB und die EIB anschaue. Die EIB soll nun also Klimabank werden.",Beide Parteien verkaufen im Grunde genommen alles  wofür sie einmal standen  Ich kann nur hoffen  dass sich der Rat in einem luziden Moment doch noch eines Besseren besinnt und die Einigung zum Haushalt nicht mitträgt  Aber leider herrscht wohl auch dort der gleiche Ungeist der sinnfreien Verschwendung  Sie wollen klimapolitische Projekte zusätzlich mit 500   Millionen EUR ausstatten  Das ist klassische Subventionspolitik  reine Ideologiebefriedigung  komplette Fehlallokation  Haben Sie Ihre Milchseen und Butterberge von damals eigentlich bereits vergessen  Diese wirtschaftspolitische Steuerung von oben hat damals nicht funktioniert  und sie wird auch in Zukunft nicht funktionieren  Der immer noch gigantische Anteil des Agrarbudgets sollte Ihnen doch Mahnung genug sein  Mir schwant Böses  wenn ich mir neben der direkten Subventionierung aus dem Haushalt die EZB und die EIB anschaue  Die EIB soll nun also Klimabank werden,132
453,eu9_60047,Jörg Meuthen,2019-11-26,"Sie wird reihenweise für Investitionsruinen sorgen, weil sie mit ihren Förderkrediten den Preismechanismus außer Kraft setzen wird. Die EZB soll ihre Geldpolitik zugunsten des Klimas ausrichten, wo sie doch noch nicht einmal in der Lage ist, das Zinsniveau zu normalisieren. Industrie- und Umweltpolitik sind doch nicht Aufgabe der Europäischen Zentralbank, ich bitte Sie! Frau Lagarde fordert bereits eine expansive Fiskalpolitik. Ihr Mandat bezieht sich auf die Geldpolitik der EZB. Die deutsche Nominierung von Frau Schnabel für die EZB setzt dem Ganzen die Krone auf. Es ist mir wirklich unverständlich, wie Deutschland jemanden nominieren konnte, der die Position der Bundesbank schon vor seiner Ernennung unterläuft. Wir werden dies der Bundesregierung über Jahre vorhalten. Leider wird das dem deutschen Sparer nichts nutzen. Dem kann man nur sagen: Der Euro ist gescheitert, bringen Sie Ihr Geld vor der Europäischen Union in Sicherheit.",Sie wird reihenweise für Investitionsruinen sorgen  weil sie mit ihren Förderkrediten den Preismechanismus außer Kraft setzen wird  Die EZB soll ihre Geldpolitik zugunsten des Klimas ausrichten  wo sie doch noch nicht einmal in der Lage ist  das Zinsniveau zu normalisieren  Industrie und Umweltpolitik sind doch nicht Aufgabe der Europäischen Zentralbank  ich bitte Sie  Frau Lagarde fordert bereits eine expansive Fiskalpolitik  Ihr Mandat bezieht sich auf die Geldpolitik der EZB  Die deutsche Nominierung von Frau Schnabel für die EZB setzt dem Ganzen die Krone auf  Es ist mir wirklich unverständlich  wie Deutschland jemanden nominieren konnte  der die Position der Bundesbank schon vor seiner Ernennung unterläuft  Wir werden dies der Bundesregierung über Jahre vorhalten  Leider wird das dem deutschen Sparer nichts nutzen  Dem kann man nur sagen  Der Euro ist gescheitert  bringen Sie Ihr Geld vor der Europäischen Union in Sicherheit,139
454,eu9_60151,Nicolaus Fest,2019-11-26,"Sie wird gerade umgebaut in einen weiteren Haushaltstitel zum Klimaschutz, also für Klientelpolitik der Grünen und Sozialisten. So versteckt man die Allokation immer größerer Summen für jene unsinnige und unsichere Energieversorgung, die wir in Deutschland bereits haben. Aber während die Liberalen dies in Deutschland kritisieren, machen sie hier mit. Völlig unübersichtlich wird die EU-Haushaltsplanung schließlich durch die nachgeschaltete Mittelvergabe einer weiteren EU-Institution, nämlich der Europäischen Investitionsbank. Wo die Haushaltsmittel der EU für die Finanzierung irgendeiner Ideologie nicht reichen, tritt sie als Ko-Finanzierer auf, und zwar mit den ganz großen Summen und natürlich letztendlich wie immer gedeckt vom europäischen Steuerzahler. Was also im EU-Haushaltsplan als vergleichsweise kleiner Haushaltstitel erscheint, kann in Wirklichkeit ein Riesenprojekt sein. Aus dem Haushaltsplan, über den wir reden und entscheiden sollen, lässt sich dies allerdings nicht ersehen.",Sie wird gerade umgebaut in einen weiteren Haushaltstitel zum Klimaschutz  also für Klientelpolitik der Grünen und Sozialisten  So versteckt man die Allokation immer größerer Summen für jene unsinnige und unsichere Energieversorgung  die wir in Deutschland bereits haben  Aber während die Liberalen dies in Deutschland kritisieren  machen sie hier mit  Völlig unübersichtlich wird die EUHaushaltsplanung schließlich durch die nachgeschaltete Mittelvergabe einer weiteren EUInstitution  nämlich der Europäischen Investitionsbank  Wo die Haushaltsmittel der EU für die Finanzierung irgendeiner Ideologie nicht reichen  tritt sie als KoFinanzierer auf  und zwar mit den ganz großen Summen und natürlich letztendlich wie immer gedeckt vom europäischen Steuerzahler  Was also im EUHaushaltsplan als vergleichsweise kleiner Haushaltstitel erscheint  kann in Wirklichkeit ein Riesenprojekt sein  Aus dem Haushaltsplan  über den wir reden und entscheiden sollen  lässt sich dies allerdings nicht ersehen,130
455,eu9_60151,Nicolaus Fest,2019-11-26,"Doch was ist ein Haushaltsplan wert, der die wahre Mittelverteilung nicht zeigt, sondern verschleiert? Mit zwei Worten: gar nichts. Deshalb sollte jeder hier, der sich noch irgendeinen Sinn für Budgetwahrheit und Transparenz erhalten hat, diesen Jahreshaushalt ganz klar ablehnen.",Doch was ist ein Haushaltsplan wert  der die wahre Mittelverteilung nicht zeigt  sondern verschleiert  Mit zwei Worten  gar nichts  Deshalb sollte jeder hier  der sich noch irgendeinen Sinn für Budgetwahrheit und Transparenz erhalten hat  diesen Jahreshaushalt ganz klar ablehnen,39
456,eu9_60220,Markus Buchheit,2019-11-26,"Was momentan gefordert ist, das sind keine Schuldzuweisungen, sondern die Anerkennung der Kompetenz der Betroffenen und die Unterstützung ihrer Schutzbemühungen für die Zukunft sowie die Unterstützung bei der Bewältigung der gegenwärtigen Katastrophen.",Was momentan gefordert ist  das sind keine Schuldzuweisungen  sondern die Anerkennung der Kompetenz der Betroffenen und die Unterstützung ihrer Schutzbemühungen für die Zukunft sowie die Unterstützung bei der Bewältigung der gegenwärtigen Katastrophen,32
457,eu9_60428,Sylvia Limmer,2019-11-25,"Frau Präsidentin! Die Entschließung zur COP 25 ist für mich ein Dokument von peinlicher intellektueller Dürftigkeit, nicht nur wegen der lächerlichen Behauptung unter Ziffer 33, dass die globale Aktion der kommenden zehn Jahre Einfluss auf die Zukunft der Menschheit der nächsten 10 000 Jahre hätte: Klimarettung also. Ein Klima, das sich unstrittigerweise seit Jahrmillionen auch ohne Zutun der Menschen manchmal gar drastisch wandelt. Dieses soll nun eingefroren werden auf dem Stand von Anno Domini 2015. Auch Umweltschutz ist nur noch ein Synonym für Klimaschutz. Katastrophale Umweltschäden durch den Abbau von seltenen Erden: egal. Blei und Cadmium in Solarpanels, Kinderarbeit im Kongo, gesundheitliche Folgen von Infraschall, desaströser Flächenverbrauch, Bodenversiegelung, artenarme Energiepflanzen, Monokulturen, Schwefelhexafluorid in Windkraftanlagen – ein 24 000-mal wirksameres Treibhausgas als CO2 –: egal. Der Zweck heiligt scheinbar auch hier die Mittel.",Frau Präsidentin  Die Entschließung zur COP 25 ist für mich ein Dokument von peinlicher intellektueller Dürftigkeit  nicht nur wegen der lächerlichen Behauptung unter Ziffer 33  dass die globale Aktion der kommenden zehn Jahre Einfluss auf die Zukunft der Menschheit der nächsten 10   000 Jahre hätte  Klimarettung also  Ein Klima  das sich unstrittigerweise seit Jahrmillionen auch ohne Zutun der Menschen manchmal gar drastisch wandelt  Dieses soll nun eingefroren werden auf dem Stand von Anno Domini 2015 Auch Umweltschutz ist nur noch ein Synonym für Klimaschutz  Katastrophale Umweltschäden durch den Abbau von seltenen Erden  egal  Blei und Cadmium in Solarpanels  Kinderarbeit im Kongo  gesundheitliche Folgen von Infraschall  desaströser Flächenverbrauch  Bodenversiegelung  artenarme Energiepflanzen  Monokulturen  Schwefelhexafluorid in Windkraftanlagen – ein 24   000mal wirksameres Treibhausgas als CO2 –  egal  Der Zweck heiligt scheinbar auch hier die Mittel,132
458,eu9_60428,Sylvia Limmer,2019-11-25,"Die nächsten 10 000 Jahre also. Wenn wir es zulassen, dass sich diese apokalyptische Schreckenspolitik des neuen, grünen Totalitarismus durchsetzt, dann brauchen wir uns nicht einmal über die nächsten zehn Jahre Gedanken zu machen.",Die nächsten 10   000 Jahre also  Wenn wir es zulassen  dass sich diese apokalyptische Schreckenspolitik des neuen  grünen Totalitarismus durchsetzt  dann brauchen wir uns nicht einmal über die nächsten zehn Jahre Gedanken zu machen,34
459,eu9_61319,Sylvia Limmer,2019-10-23,"Frau Präsidentin! Wenn die hier versammelten Klimaneurotiker permanent von einer Klimakatastrophe sprechen, dann immer in Bezug auf den CO2—Gehalt in unserer Atmosphäre, und auch hier nur der letzten 150 Jahre. Und das aus gutem Grund: Betrachtet man unsere Erdgeschichte, dann würden sie nämlich erkennen, dass der frühere CO2—Gehalt überwiegend wesentlich höher lag als unsere heutige Konzentration von 400 ppm. Und schlimmer noch, dass es keine proportionale Korrelation zwischen CO2 und der Temperatur gibt. Nehmen wir zum Beispiel die grün-hysterische Annahme, dass eine Erhöhung von 100 ppm einen Temperaturanstieg von 2 oC nach sich zieht. Das würde bedeuten, dass zu Zeiten der Dinosaurier, als die CO2—Konzentration in der Nähe von 2 000 ppm lag, also um 1 600 ppm höher als heute, die Temperatur ebenso um satte 32 oC hätte höher sein müssen, also so um die 50 oC und mehr gelegen hätte.",Frau Präsidentin  Wenn die hier versammelten Klimaneurotiker permanent von einer Klimakatastrophe sprechen  dann immer in Bezug auf den CO2—Gehalt in unserer Atmosphäre  und auch hier nur der letzten 150   Jahre  Und das aus gutem Grund  Betrachtet man unsere Erdgeschichte  dann würden sie nämlich erkennen  dass der frühere CO2—Gehalt überwiegend wesentlich höher lag als unsere heutige Konzentration von 400   ppm  Und schlimmer noch  dass es keine proportionale Korrelation zwischen CO2 und der Temperatur gibt  Nehmen wir zum Beispiel die grünhysterische Annahme  dass eine Erhöhung von 100   ppm einen Temperaturanstieg von 2   oC nach sich zieht  Das würde bedeuten  dass zu Zeiten der Dinosaurier  als die CO2—Konzentration in der Nähe von 2   000   ppm lag  also um 1   600   ppm höher als heute  die Temperatur ebenso um satte 32   oC hätte höher sein müssen  also so um die 50   oC und mehr gelegen hätte,142
460,eu9_61319,Sylvia Limmer,2019-10-23,"Ich weiß, viele Zahlen in so kurzer Zeit, das überfordert sicher so das eine oder andere Politikerhirn. Klimawandel ist die Regel und nicht die Ausnahme. Wir tun gut daran, uns an ein wandelndes Klima anzupassen. Den Kampf der Klima-Don-Quijotes gegen das Klima können diese nur verlieren.",Ich weiß  viele Zahlen in so kurzer Zeit  das überfordert sicher so das eine oder andere Politikerhirn  Klimawandel ist die Regel und nicht die Ausnahme  Wir tun gut daran  uns an ein wandelndes Klima anzupassen  Den Kampf der KlimaDonQuijotes gegen das Klima können diese nur verlieren,46
461,eu9_61443,Nicolaus Fest,2019-10-23,"Aber statt sich darauf zu konzentrieren, wie man Landesgrenzen schützt und wie man vor allem Erdoğan stoppt, reden Sie weiterhin über selbstverschuldete Seenot, über Carola Rackete und über NRO, die das kriminelle Geschäft der Schleuser unter dem Schleier der Seenotrettung erledigen. Nehmen Sie endlich zur Kenntnis: Die wahren Probleme liegen nicht mehr im Mittelmeer. Stoppen Sie daher die Such- und Rettungsmaßnahmen, stoppen Sie die illegalen NRO und ihre kriminelle Tätigkeit, stoppen Sie endlich die Vertreibung und Auslöschung der Kurden!",Aber statt sich darauf zu konzentrieren  wie man Landesgrenzen schützt und wie man vor allem Erdoğan stoppt  reden Sie weiterhin über selbstverschuldete Seenot  über Carola Rackete und über NRO  die das kriminelle Geschäft der Schleuser unter dem Schleier der Seenotrettung erledigen  Nehmen Sie endlich zur Kenntnis  Die wahren Probleme liegen nicht mehr im Mittelmeer  Stoppen Sie daher die Such und Rettungsmaßnahmen  stoppen Sie die illegalen NRO und ihre kriminelle Tätigkeit  stoppen Sie endlich die Vertreibung und Auslöschung der Kurden,79
462,eu9_61593,Jörg Meuthen,2019-10-22,"Das ist ein bizarres Schauspiel. Ich schaue mir das traurige Spektakel mit einem lachenden und einem weinenden Auge an. Weinend, weil wir historische Zeugen sind, wie hier demokratische Prozesse pervertiert werden, und lachend, weil ich weiß, dass die geschätzten Jungs und Mädels von der Brexit Party hier sind und als Stimme der Freiheit dieses Haus noch länger bereichern und Ihnen damit auf Ihre kollektivistischen Nerven gehen werden. Das immerhin ist erfreulich.",Das ist ein bizarres Schauspiel  Ich schaue mir das traurige Spektakel mit einem lachenden und einem weinenden Auge an  Weinend  weil wir historische Zeugen sind  wie hier demokratische Prozesse pervertiert werden  und lachend  weil ich weiß  dass die geschätzten Jungs und Mädels von der Brexit Party hier sind und als Stimme der Freiheit dieses Haus noch länger bereichern und Ihnen damit auf Ihre kollektivistischen Nerven gehen werden  Das immerhin ist erfreulich,71
463,eu9_61735,Maximilian Krah,2019-10-22,"Frau Präsidentin, meine Damen und Herren! Was wir erleben, ist, dass Europa langfristig den Anschluss an andere prosperierende Weltgegenden verliert. Und erneut haben wir einen Haushalt vorliegen, dessen größter Posten die Landwirtschaft ist und wo wir als Parlament darüber streiten, ob wir mehr für die Unterstützung der illegalen Schlepperei auf dem Mittelmeer und Klimamaßnahmen ausgeben sollten, deren Wirksamkeit bestenfalls umstritten, in Wahrheit nicht gegeben ist. Es geht darum, dass wir uns die Frage stellen, was wir für die Menschen in Europa bringen, und das ist sicherlich nicht eine Debatte über die Frage, wie wir Geld in ideologische Lieblingsprojekte geben können, und noch weniger sind es Landwirtschaftssubventionen, die nur beweisen, dass mehr Europa nicht ein besseres Leben, sondern nur mehr Bürokratie und mehr Entfremdung von Produzenten und Konsumenten ist.",Frau Präsidentin  meine Damen und Herren  Was wir erleben  ist  dass Europa langfristig den Anschluss an andere prosperierende Weltgegenden verliert  Und erneut haben wir einen Haushalt vorliegen  dessen größter Posten die Landwirtschaft ist und wo wir als Parlament darüber streiten  ob wir mehr für die Unterstützung der illegalen Schlepperei auf dem Mittelmeer und Klimamaßnahmen ausgeben sollten  deren Wirksamkeit bestenfalls umstritten  in Wahrheit nicht gegeben ist  Es geht darum  dass wir uns die Frage stellen  was wir für die Menschen in Europa bringen  und das ist sicherlich nicht eine Debatte über die Frage  wie wir Geld in ideologische Lieblingsprojekte geben können  und noch weniger sind es Landwirtschaftssubventionen  die nur beweisen  dass mehr Europa nicht ein besseres Leben  sondern nur mehr Bürokratie und mehr Entfremdung von Produzenten und Konsumenten ist,128
464,eu9_61737,Maximilian Krah,2019-10-22,"Die Frage des Klimawandels ist diejenige, die auch Europa allein nicht beantworten kann. Denn wenn wir in Europa morgen aufhören würden, auch nur ein einziges Gramm CO2 zu emittieren, dann wäre es selbst unter Zugrundelegung der Hypothese vom menschengemachten Klimawandel für die Erderwärmung nicht relevant. Das heißt, die Frage ist: Warum tun wir etwas, was selbst, wenn wir es tun, keine Auswirkungen haben wird, weil eben die USA, weil China, weil Indien und weil alle anderen weltweit prosperierenden Gegenden sich daran nicht beteiligen werden? Es ist Symbolpolitik auf Kosten von Arbeitnehmern, von Familien und von Pendlern, und für diese unsoziale, ideologiegetriebene Politik stehen wir nicht.",Die Frage des Klimawandels ist diejenige  die auch Europa allein nicht beantworten kann  Denn wenn wir in Europa morgen aufhören würden  auch nur ein einziges Gramm CO2 zu emittieren  dann wäre es selbst unter Zugrundelegung der Hypothese vom menschengemachten Klimawandel für die Erderwärmung nicht relevant  Das heißt  die Frage ist  Warum tun wir etwas  was selbst  wenn wir es tun  keine Auswirkungen haben wird  weil eben die USA  weil China  weil Indien und weil alle anderen weltweit prosperierenden Gegenden sich daran nicht beteiligen werden  Es ist Symbolpolitik auf Kosten von Arbeitnehmern  von Familien und von Pendlern  und für diese unsoziale  ideologiegetriebene Politik stehen wir nicht,105
465,eu9_62323,Sylvia Limmer,2019-10-09,"Herr Präsident! Gestern konnten wir bereits der verqueren Logik des sogenannten green deal direkt aus dem Munde des dafür zuständigen Chefideologen und Kommissionskandidaten Frans Timmermans lauschen. Mit Schlagworten wie Klimaneutralität, emissionsfreie Autos, Null-Verschmutzung-Strategie und Biodiversität will man antreten, um das Klima zu retten. Aber alles beruht auf der nach wie vor wissenschaftlich sehr umstrittenen Hypothese von CO2 als alleinigem Klimatreiber, und so löst eine unbewiesene Annahme eine nicht enden wollende Kette von politischen Fehlentscheidungen aus. Machbarkeit, Kosten, die drohende Deindustrialisierung, die Millionen Arbeitsplätze in den EU-Mitgliedstaaten kosten wird, überhaupt Fakten sind bei der Umsetzung des green deal einfach nur lästig. Nun soll also zur Umsetzung dieser mindestens fragwürdigen Politik die Europäische Investitionsbank in eine Klimabank zur Finanzierung der Klimarettung umgewandelt werden.",Herr Präsident  Gestern konnten wir bereits der verqueren Logik des sogenannten green deal direkt aus dem Munde des dafür zuständigen Chefideologen und Kommissionskandidaten Frans Timmermans lauschen  Mit Schlagworten wie Klimaneutralität  emissionsfreie Autos  NullVerschmutzungStrategie und Biodiversität will man antreten  um das Klima zu retten  Aber alles beruht auf der nach wie vor wissenschaftlich sehr umstrittenen Hypothese von CO2 als alleinigem Klimatreiber  und so löst eine unbewiesene Annahme eine nicht enden wollende Kette von politischen Fehlentscheidungen aus  Machbarkeit  Kosten  die drohende Deindustrialisierung  die Millionen Arbeitsplätze in den EUMitgliedstaaten kosten wird  überhaupt Fakten sind bei der Umsetzung des green deal einfach nur lästig  Nun soll also zur Umsetzung dieser mindestens fragwürdigen Politik die Europäische Investitionsbank in eine Klimabank zur Finanzierung der Klimarettung umgewandelt werden,121
466,eu9_62555,Markus Buchheit,2019-09-19,"Ich fordere auch Sie auf: Beenden Sie die Beitrittsgespräche sofort, stoppen Sie die Zahlungen und schaffen Sie endlich klare Verhältnisse im Umgang mit einem Despoten!",Ich fordere auch Sie auf  Beenden Sie die Beitrittsgespräche sofort  stoppen Sie die Zahlungen und schaffen Sie endlich klare Verhältnisse im Umgang mit einem Despoten,25
467,eu9_62893,Nicolaus Fest,2019-09-18,"Und es ist eine unverfrorenes Budget, weil es die Selbstbedienung der EU auf Kosten der europäischen Steuerzahler fortsetzt.",Und es ist eine unverfrorenes Budget  weil es die Selbstbedienung der EU auf Kosten der europäischen Steuerzahler fortsetzt,18
468,eu9_62929,Maximilian Krah,2019-09-18,"Dasjenige, was die Identität einer Region und eines Kontinents ausmacht, das ist das Positive und das sind die Lehren aus der Vergangenheit. Entweder wir betrachten es insgesamt und ideologiefrei oder es wird nichts anderes als ein aufgesetztes Belehrungsprojekt, das wir hier in Straßburg und Brüssel ersinnen können, aber das an den Herzen und dem Verstand der Menschen vorbeigeht – und dieses Papier verdient auch nichts anderes.",Dasjenige  was die Identität einer Region und eines Kontinents ausmacht  das ist das Positive und das sind die Lehren aus der Vergangenheit  Entweder wir betrachten es insgesamt und ideologiefrei oder es wird nichts anderes als ein aufgesetztes Belehrungsprojekt  das wir hier in Straßburg und Brüssel ersinnen können  aber das an den Herzen und dem Verstand der Menschen vorbeigeht – und dieses Papier verdient auch nichts anderes,66
469,eu9_63016,Sylvia Limmer,2019-09-17,"Herr Präsident! Während im Dezember mal wieder der Klimazirkus in Chile tagt mit etwa 25 000 Teilnehmern – Teilnehmer, die vielfach von der angeblichen Klimarettung leben und um die halbe Welt jetten, dabei Millionen Flugkilometer hinter sich bringen und ich weiß nicht wie viele Tonnen böses, böses CO2 ausstoßen, genau jenes CO2, dessen Existenz dann so scheinheilig medial wirksam bejammert wird und politisch so gut verwendet werden kann; von den Millionen Euros Verschwendung, die zuvor den hart arbeitenden steuerzahlenden Bürgern abgepresst wurden, mal ganz zu schweigen.",Herr Präsident  Während im Dezember mal wieder der Klimazirkus in Chile tagt mit etwa 25   000 Teilnehmern – Teilnehmer  die vielfach von der angeblichen Klimarettung leben und um die halbe Welt jetten  dabei Millionen Flugkilometer hinter sich bringen und ich weiß nicht wie viele Tonnen böses  böses CO2 ausstoßen  genau jenes CO2  dessen Existenz dann so scheinheilig medial wirksam bejammert wird und politisch so gut verwendet werden kann  von den Millionen Euros Verschwendung  die zuvor den hart arbeitenden steuerzahlenden Bürgern abgepresst wurden  mal ganz zu schweigen,86
470,eu9_63016,Sylvia Limmer,2019-09-17,"Während sich also die Klimaoberaufseher in den schönsten Urlaubszielen versammeln – Marrakesch, Lima in Peru, Südafrika, Bali 2007 und so weiter und so fort – und dabei immer neue Horrorszenarien am dräuenden Horizont entdecken, sorgen sie zu Hause dafür, dass dem Bürger Flugreisen immer unmöglicher werden, Autos als Mittel der freien individuellen Fortbewegung eingeschränkt werden und natürlich das böse Fleischessen verboten wird – um nur einiges zu nennen. Übrigens, falls es diesbezüglich Fragen gibt: Ja, ich bin dieses Mal im Dezember in Chile dabei, aber CO2 ist dort ganz sicher nicht mein größtes Problem. Vielen Dank, sehr geehrtes EU-Publikum, für heute habe ich fertig.",Während sich also die Klimaoberaufseher in den schönsten Urlaubszielen versammeln – Marrakesch  Lima in Peru  Südafrika  Bali 2007 und so weiter und so fort – und dabei immer neue Horrorszenarien am dräuenden Horizont entdecken  sorgen sie zu Hause dafür  dass dem Bürger Flugreisen immer unmöglicher werden  Autos als Mittel der freien individuellen Fortbewegung eingeschränkt werden und natürlich das böse Fleischessen verboten wird – um nur einiges zu nennen  Übrigens  falls es diesbezüglich Fragen gibt  Ja  ich bin dieses Mal im Dezember in Chile dabei  aber CO2 ist dort ganz sicher nicht mein größtes Problem  Vielen Dank  sehr geehrtes EUPublikum  für heute habe ich fertig,104
471,eu9_63074,Gunnar Beck,2019-09-17,"Der Euro liegt seit 2010 auf der Intensivstation, und dass er nun morphiumabhängig wird, stört niemanden, weil der Patient dort bis zum Exitus nimmermehr fortkommt. Frau Lagardes Freimut ehrt sie, weil sie die Missachtung des Rechsstaats in der EU ganz offen eingesteht. Aber im öffentlichen Interesse handelt sie nicht. Die EZB sozialisiert die Kosten unverantwortlicher Regierungspolitik und privater Habgier. Der Euro ist kein öffentliches Gut und die EZB leider nicht mehr als ein Finanzknecht.",Der Euro liegt seit 2010 auf der Intensivstation  und dass er nun morphiumabhängig wird  stört niemanden  weil der Patient dort bis zum Exitus nimmermehr fortkommt  Frau Lagardes Freimut ehrt sie  weil sie die Missachtung des Rechsstaats in der EU ganz offen eingesteht  Aber im öffentlichen Interesse handelt sie nicht  Die EZB sozialisiert die Kosten unverantwortlicher Regierungspolitik und privater Habgier  Der Euro ist kein öffentliches Gut und die EZB leider nicht mehr als ein Finanzknecht,74
472,eu9_63362,Sylvia Limmer,2019-09-16,"Frau Präsidentin! In den Mitteilungen der Kommission lese ich immer wieder Überschriften wie „EU-Maßnahmen zum Schutz des Waldes“ oder „Wiederherstellung des Waldes“. Ja fürchten Sie sich denn nicht vor der eigenen Lächerlichkeit? Es ist doch genau jene EU, die mit ihrer sinn- und faktenbefreiten Energiewende zur nachhaltigen Zerstörung der Wälder beiträgt – übrigens die einzige Nachhaltigkeit der Energiewende in Bezug auf den Wald. Blicken wir nach Deutschland, einem Land mit über 33 000 Windenergieanlagen, viele davon in bewaldeten Höhenlagen. Aber was kümmert es die selbsternannten Wald- und Umweltschützer – Waldvernichtung für einen guten Zweck. Hier ist nicht der Borkenkäfer der größte Schädling, sondern eben jene Energiewende: beispielsweise 70 geplante Windindustrieparks mit zirka 500 Windanlagen im UNESCO-Naturpark Odenwald, der Münsterwald, der Reinhardswald mit bis zu 800 Jahre altem Baumbestand. Die Liste ist ellenlang.",Frau Präsidentin  In den Mitteilungen der Kommission lese ich immer wieder Überschriften wie „ EUMaßnahmen zum Schutz des Waldes “ oder „ Wiederherstellung des Waldes “  Ja fürchten Sie sich denn nicht vor der eigenen Lächerlichkeit  Es ist doch genau jene EU  die mit ihrer sinn und faktenbefreiten Energiewende zur nachhaltigen Zerstörung der Wälder beiträgt – übrigens die einzige Nachhaltigkeit der Energiewende in Bezug auf den Wald  Blicken wir nach Deutschland  einem Land mit über 33   000 Windenergieanlagen  viele davon in bewaldeten Höhenlagen  Aber was kümmert es die selbsternannten Wald und Umweltschützer – Waldvernichtung für einen guten Zweck  Hier ist nicht der Borkenkäfer der größte Schädling  sondern eben jene Energiewende  beispielsweise 70 geplante Windindustrieparks mit zirka 500 Windanlagen im UNESCONaturpark Odenwald  der Münsterwald  der Reinhardswald mit bis zu 800 Jahre altem Baumbestand  Die Liste ist ellenlang,136
473,eu9_63364,Sylvia Limmer,2019-09-16,"Ich denke, Sie haben meine Ausführungen nicht verstanden. Lächerlich ist, dass eine EU, die mit ihrer Energiewende und ihrer Politik zu genau dieser Zerstörung der Wälder führt, die dann am Ende bejammert wird, sich zur Retterin eben jener Wälder aufspielt.",Ich denke  Sie haben meine Ausführungen nicht verstanden  Lächerlich ist  dass eine EU  die mit ihrer Energiewende und ihrer Politik zu genau dieser Zerstörung der Wälder führt  die dann am Ende bejammert wird  sich zur Retterin eben jener Wälder aufspielt,40
474,eu9_63700,Nicolaus Fest,2019-07-17,"Sie wollen hier Arbeitsplätze, und sie wollen auch nicht immer mehr Menschen, die hier reinkommen, auf ihre Kosten leben und eben die Werte, die wir angeblich im Mittelmeer verteidigen wollen, genau diese Werte mit Füßen treten. Das wollen die europäischen Völker nicht.",Sie wollen hier Arbeitsplätze  und sie wollen auch nicht immer mehr Menschen  die hier reinkommen  auf ihre Kosten leben und eben die Werte  die wir angeblich im Mittelmeer verteidigen wollen  genau diese Werte mit Füßen treten  Das wollen die europäischen Völker nicht,42
475,eu9_63721,Sylvia Limmer,2019-07-17,"Herr Präsident! Sehr geehrte Damen und Herren! Für mich als neu gewählte Abgeordnete hat sich nach all den politischen Stellungnahmen, auch von Kommission und Rat, der Eindruck endgültig bestätigt: Nicht nur in den Medien, sondern auch bei den EU-Institutionen herrscht beim Thema Umwelt und Energie Panikmache statt Kompetenz. CO2 ist übrigens kein Luftschadstoff, und wie Sie die angeblichen Zahlen zu verfrühten Todesfällen messen wollen, das bleibt für mich auch ein wissenschaftliches Mysterium. Wie auf einem Basar der grünlackierten Idiotien wird gefeilscht. Hier ein bisschen weniger Grenzwert, dort eine neue Klimasteuer. Statt die Bürger zu informieren, wird Politpropaganda mit Klima- und Luftverschmutzungshorrorszenarien betrieben, die bei vielen leider verfängt. Mit der Richtlinie über Luftqualität und saubere Luft vom Mai 2008 wurde die Voraussetzung für Umweltzonen mit Fahrverboten geschaffen. In Deutschland gibt es derzeit allein 58 dieser Umweltzonen.",Herr Präsident  Sehr geehrte Damen und Herren  Für mich als neu gewählte Abgeordnete hat sich nach all den politischen Stellungnahmen  auch von Kommission und Rat  der Eindruck endgültig bestätigt  Nicht nur in den Medien  sondern auch bei den EUInstitutionen herrscht beim Thema Umwelt und Energie Panikmache statt Kompetenz  CO2 ist übrigens kein Luftschadstoff  und wie Sie die angeblichen Zahlen zu verfrühten Todesfällen messen wollen  das bleibt für mich auch ein wissenschaftliches Mysterium  Wie auf einem Basar der grünlackierten Idiotien wird gefeilscht  Hier ein bisschen weniger Grenzwert  dort eine neue Klimasteuer  Statt die Bürger zu informieren  wird Politpropaganda mit Klima und Luftverschmutzungshorrorszenarien betrieben  die bei vielen leider verfängt  Mit der Richtlinie über Luftqualität und saubere Luft vom Mai   2008 wurde die Voraussetzung für Umweltzonen mit Fahrverboten geschaffen  In Deutschland gibt es derzeit allein 58 dieser Umweltzonen,135
476,eu9_63721,Sylvia Limmer,2019-07-17,"In der Erfurter Umweltzone beispielsweise wird der Grenzwert für Feinstaub gar seit 2012 in Folge nicht mehr überschritten. Muss jetzt das Ende der Menschheit verschoben werden? Fällt die Rettung der Welt ins Wasser? Nein! Wenn, wie angedacht, die Feinstaubgrenzwerte halbiert werden, voilà, dann verwandelt sich quasi über Nacht Deutschland und vermutlich ebenso weite Teile Europas in eine Fahrverbotszone, und wir kommen damit der grünen Wunschvorstellung, unser Land in eine Nation der Eselkarren und Fahrradfahrer zu verwandeln, ziemlich nahe. Noch eine Bemerkung zum Schluss: Ich bin sehr gespannt, wie viele der geschätzten Kollegen und besorgten Umweltschützer im Dezember nicht mit dem Ruderboot zur UN-Klimakonferenz in Chile anreisen werden.",In der Erfurter Umweltzone beispielsweise wird der Grenzwert für Feinstaub gar seit 2012 in Folge nicht mehr überschritten  Muss jetzt das Ende der Menschheit verschoben werden  Fällt die Rettung der Welt ins Wasser  Nein  Wenn  wie angedacht  die Feinstaubgrenzwerte halbiert werden  voilà  dann verwandelt sich quasi über Nacht Deutschland und vermutlich ebenso weite Teile Europas in eine Fahrverbotszone  und wir kommen damit der grünen Wunschvorstellung  unser Land in eine Nation der Eselkarren und Fahrradfahrer zu verwandeln  ziemlich nahe  Noch eine Bemerkung zum Schluss  Ich bin sehr gespannt  wie viele der geschätzten Kollegen und besorgten Umweltschützer im Dezember nicht mit dem Ruderboot zur UNKlimakonferenz in Chile anreisen werden,107
477,eu9_63819,Nicolaus Fest,2019-07-16,"Ihnen scheint es nur um einen neuen Posten zu gehen, eine neue politische Trophäe, ja, eine neue Dienstwagenberechtigung. Ganz ehrlich, was wollen Sie eigentlich hier? So, mit diesem Vortrag, den Sie gehalten haben, kann man nur alle warnen: Diese Frau sollten Sie nicht zur neuen EU-Kommissionspräsidentin wählen.",Ihnen scheint es nur um einen neuen Posten zu gehen  eine neue politische Trophäe  ja  eine neue Dienstwagenberechtigung  Ganz ehrlich  was wollen Sie eigentlich hier  So  mit diesem Vortrag  den Sie gehalten haben  kann man nur alle warnen  Diese Frau sollten Sie nicht zur neuen EUKommissionspräsidentin wählen,47
478,eu9_63833,Maximilian Krah,2019-07-16,"Und auch wenn wir aus Verantwortung gegen sie stimmen werden, kann ich all jenen, die meinen, für sie stimmen zu müssen, nur eins sagen: einen größeren Spaltpilz und einen größeren Sprengsatz können Sie in die Kommission gar nicht hereinsetzen, als jemanden, der in allen Ministerposten in Deutschland gescheitert ist.",Und auch wenn wir aus Verantwortung gegen sie stimmen werden  kann ich all jenen  die meinen  für sie stimmen zu müssen  nur eins sagen  einen größeren Spaltpilz und einen größeren Sprengsatz können Sie in die Kommission gar nicht hereinsetzen  als jemanden  der in allen Ministerposten in Deutschland gescheitert ist,49
479,eu9_63846,Gunnar Beck,2019-07-16,"Herr Präsident, sehr geehrte Frau Ministerin! Die Eurozone hat mit Japan zusammen das niedrigste Wachstum und die höchsten Steuern der entwickelten Welt. Eine EU-CO2-Steuer verlangt Einstimmigkeit. Da stellen Sie, Frau Ministerin, das Einstimmigkeitsprinzip in Steuersachen auf EU-Ebene nunmehr in Frage. Ihr Ministerium hat Milliarden für externe Berater vergeudet, vor allem an die Beratungsfirma McKinsey. Dennoch ist nur zirka ein Drittel des Geräts der Bundeswehr einsatzbereit. Ein Journalist schrieb dazu: „McKinsey benutzt das Verteidigungsministerium wie einen Geldautomaten, und es gilt die Maxime ,Die Armee versagt, der Berater kassiert, und der Steuerzahler zahlt‘“. Werte Kollegen! Wollen wir wirklich alsbald eine EU-weite Beratersteuer dafür, wie man die deutsche Klima- und Asylpolitik am besten überall in der EU umsetzt? Unsere Bürger jedoch wollen das gewiss nicht.",Herr Präsident  sehr geehrte Frau Ministerin  Die Eurozone hat mit Japan zusammen das niedrigste Wachstum und die höchsten Steuern der entwickelten Welt  Eine EUCO2Steuer verlangt Einstimmigkeit  Da stellen Sie  Frau Ministerin  das Einstimmigkeitsprinzip in Steuersachen auf EUEbene nunmehr in Frage  Ihr Ministerium hat Milliarden für externe Berater vergeudet  vor allem an die Beratungsfirma McKinsey  Dennoch ist nur zirka ein Drittel des Geräts der Bundeswehr einsatzbereit  Ein Journalist schrieb dazu  „ McKinsey benutzt das Verteidigungsministerium wie einen Geldautomaten  und es gilt die Maxime  Die Armee versagt  der Berater kassiert  und der Steuerzahler zahlt ‘ “  Werte Kollegen  Wollen wir wirklich alsbald eine EUweite Beratersteuer dafür  wie man die deutsche Klima und Asylpolitik am besten überall in der EU umsetzt  Unsere Bürger jedoch wollen das gewiss nicht,125
480,eu9_64046,Nicolaus Fest,2019-07-15,"Dies ist eine unerhörte Respektlosigkeit, und ich fordere Sie auf, dagegen vorzugehen und zu klären, wieviel Geld hierfür ausgegeben wurde und wie man solche Dinge in Zukunft verhindert.",Dies ist eine unerhörte Respektlosigkeit  und ich fordere Sie auf  dagegen vorzugehen und zu klären  wieviel Geld hierfür ausgegeben wurde und wie man solche Dinge in Zukunft verhindert,28
481,eu8_66509,Jörg Meuthen,2019-03-26,"Herr Präsident! Wir reden heute über die Schizophrenie, die sich in den von diesem Haus gewollten immensen neuen Anforderungen an den CO2-Ausstoß von Pkw äußert. Wir reden darüber, dass die EU krampfhaft, nach bester planwirtschaftlicher Manier, eine Industriestrategie sucht, während sie ihrem besten industriellen Zugpferd – der Automobilindustrie – den Garaus machen will. Wir reden darüber, dass die EU für Elektroautos null Emissionen unterstellt, was wissenschaftlicher Unfug und physikalisch komplett unmöglich ist. Frau Kollegin Dalli, wenn Sie hier von zero-emissions-Fahrzeugen reden, zeigt das vor allem ihre Ahnungslosigkeit. Wir reden darüber, dass Sie hier gerade die großen deutschen Autobauer ins Mark treffen und so Deutschland schwächen, von dem sie andererseits aber erwarten, dass es ihre Sparguthaben bei Banken garantiert, die Kohäsionspolitik und die Agrarsubventionen finanziert und ihre Wettbewerbsschwäche toleriert. Meine Damen und Herren, das wird nicht gutgehen.",Herr Präsident  Wir reden heute über die Schizophrenie  die sich in den von diesem Haus gewollten immensen neuen Anforderungen an den CO2Ausstoß von Pkw äußert  Wir reden darüber  dass die EU krampfhaft  nach bester planwirtschaftlicher Manier  eine Industriestrategie sucht  während sie ihrem besten industriellen Zugpferd – der Automobilindustrie – den Garaus machen will  Wir reden darüber  dass die EU für Elektroautos null Emissionen unterstellt  was wissenschaftlicher Unfug und physikalisch komplett unmöglich ist  Frau Kollegin Dalli  wenn Sie hier von zeroemissionsFahrzeugen reden  zeigt das vor allem ihre Ahnungslosigkeit  Wir reden darüber  dass Sie hier gerade die großen deutschen Autobauer ins Mark treffen und so Deutschland schwächen  von dem sie andererseits aber erwarten  dass es ihre Sparguthaben bei Banken garantiert  die Kohäsionspolitik und die Agrarsubventionen finanziert und ihre Wettbewerbsschwäche toleriert  Meine Damen und Herren  das wird nicht gutgehen,136
482,eu8_67663,Jörg Meuthen,2019-03-12,"Wir fordern Sie auf: Schenken Sie den Wählern noch vor der Europawahl reinen Wein ein und zeigen Sie, wie sie zu einem Ende der Beitrittsverhandlungen wirklich stehen.",Wir fordern Sie auf  Schenken Sie den Wählern noch vor der Europawahl reinen Wein ein und zeigen Sie  wie sie zu einem Ende der Beitrittsverhandlungen wirklich stehen,27
483,eu8_70595,Jörg Meuthen,2019-01-15,"Meine Hoffnung ist, dass die Geschichtsschreiber erkennen werden, dass Sie es sind, der in Wahrheit für das ökonomische Desaster im Euro-Währungsgebiet verantwortlich ist. Dieses Desaster wird in nicht ferner Zeit offen zutage liegen, dann erfreuen Sie sich längst Ihres Ruhestandes.",Meine Hoffnung ist  dass die Geschichtsschreiber erkennen werden  dass Sie es sind  der in Wahrheit für das ökonomische Desaster im EuroWährungsgebiet verantwortlich ist  Dieses Desaster wird in nicht ferner Zeit offen zutage liegen  dann erfreuen Sie sich längst Ihres Ruhestandes,40
484,eu8_71591,Jörg Meuthen,2018-12-11,"Wer Terror bekämpfen will, der darf vom politischen Islam nicht schweigen. Dieser Bericht, so scheint es mir, will wohl lieber schweigen. Es sieht fast so aus, dass Sie sich um die Veränderung der Bedrohungslage nicht weiter kümmern wollen. Wir schulden es aber unseren Bürgern. Deren Sicherheit ist die vornehmste Aufgabe des Staates. Fangen Sie an, diese Aufgabe wirklich gründlich zu erfüllen!",Wer Terror bekämpfen will  der darf vom politischen Islam nicht schweigen  Dieser Bericht  so scheint es mir  will wohl lieber schweigen  Es sieht fast so aus  dass Sie sich um die Veränderung der Bedrohungslage nicht weiter kümmern wollen  Wir schulden es aber unseren Bürgern  Deren Sicherheit ist die vornehmste Aufgabe des Staates  Fangen Sie an  diese Aufgabe wirklich gründlich zu erfüllen,61
485,eu8_72161,Jörg Meuthen,2018-11-29,"Denn das stimmt nicht, es stimmt sogar ganz und gar nicht. Lassen Sie diese Fake News! Es reicht. Stoppen wir diesen suizidalen Pakt – bevor es zu spät ist!",Denn das stimmt nicht  es stimmt sogar ganz und gar nicht  Lassen Sie diese Fake News  Es reicht  Stoppen wir diesen suizidalen Pakt – bevor es zu spät ist,29
486,eu8_74307,Jörg Meuthen,2018-10-23,"Deshalb arbeiten wir für ein Europa der Vaterländer, in dem jeder Staat eigenverantwortlich entscheidet und dann freilich auch die Folgen seiner politischen Entscheidungen schultert. Nur so kann Europa funktionieren – anders nicht.",Deshalb arbeiten wir für ein Europa der Vaterländer  in dem jeder Staat eigenverantwortlich entscheidet und dann freilich auch die Folgen seiner politischen Entscheidungen schultert  Nur so kann Europa funktionieren – anders nicht,32
487,eu8_76686,Jörg Meuthen,2018-09-11,"Seien Sie versichert: Viele Millionen Menschen in meiner Heimat Deutschland stehen hinter Ihnen und Ihrer Politik der Verteidigung konservativer und freiheitlicher europäischer Werte. Lassen Sie sich von dem pseudomoralischen Geheuchel dieses Hauses nicht von Ihrem richtigen Weg abbringen – egal, wie hier morgen entschieden wird.",Seien Sie versichert  Viele Millionen Menschen in meiner Heimat Deutschland stehen hinter Ihnen und Ihrer Politik der Verteidigung konservativer und freiheitlicher europäischer Werte  Lassen Sie sich von dem pseudomoralischen Geheuchel dieses Hauses nicht von Ihrem richtigen Weg abbringen – egal  wie hier morgen entschieden wird,45
488,eu8_78989,Jörg Meuthen,2018-06-12,"Hören Sie auf, an der Fiktion festzuhalten, dass Staatsanleihen nicht ausfallen und Staaten nicht bankrottgehen können! Hören Sie auf mit Ihren sinn- und erfolglosen Bail-outs! Denn eine Währung, die man ständig retten muss, ist keine funktionsfähige Währung. Sie funktioniert nicht – weder für die einen noch für die anderen. Gestehen Sie sich das ein und ziehen Sie endlich die alleinrichtigen Konsequenzen!",Hören Sie auf  an der Fiktion festzuhalten  dass Staatsanleihen nicht ausfallen und Staaten nicht bankrottgehen können  Hören Sie auf mit Ihren sinn und erfolglosen Bailouts  Denn eine Währung  die man ständig retten muss  ist keine funktionsfähige Währung  Sie funktioniert nicht – weder für die einen noch für die anderen  Gestehen Sie sich das ein und ziehen Sie endlich die alleinrichtigen Konsequenzen,61
489,eu8_79707,Jörg Meuthen,2018-05-31,"Es ist auch der einzige Weg, um Fluchtursachen, über die hier so gerne geredet wird, zu beseitigen.",Es ist auch der einzige Weg  um Fluchtursachen  über die hier so gerne geredet wird  zu beseitigen,17
490,eu8_82184,Jörg Meuthen,2018-04-17,"Wir haben bislang meines Wissens keinerlei klare Evidenz, dass das die Assad-Regierung gewesen ist. Muss das nicht zuvor sorgsam überprüft werden? Und kann man dann nicht erwägen, welche Schritte man ergreift? Und ist dann nicht der letzte aller Schritte, den man ergreifen sollte, der Einsatz von Militär? Insofern können wir nicht einverstanden sein mit der Reaktion, die Erfolgt ist, ohne klar zu prüfen, was hier eigentlich der tatsächliche Sachverhalt ist. Emotionalität, wie sie hier vorgetragen wird, ist der schlechteste Berater in einer so diffizilen Frage.",Wir haben bislang meines Wissens keinerlei klare Evidenz  dass das die AssadRegierung gewesen ist  Muss das nicht zuvor sorgsam überprüft werden  Und kann man dann nicht erwägen  welche Schritte man ergreift  Und ist dann nicht der letzte aller Schritte  den man ergreifen sollte  der Einsatz von Militär  Insofern können wir nicht einverstanden sein mit der Reaktion  die Erfolgt ist  ohne klar zu prüfen  was hier eigentlich der tatsächliche Sachverhalt ist  Emotionalität  wie sie hier vorgetragen wird  ist der schlechteste Berater in einer so diffizilen Frage,85
491,eu8_83954,Jörg Meuthen,2018-03-01,"Es ist Zeit, Farbe zu bekennen – gegen Bankenrettung auf Steuerzahlerkosten, gegen eine europäische Einlagenversicherung und gegen den Ausbau der Bankenunion zur Transferunion.",Es ist Zeit  Farbe zu bekennen – gegen Bankenrettung auf Steuerzahlerkosten  gegen eine europäische Einlagenversicherung und gegen den Ausbau der Bankenunion zur Transferunion,23
492,eu8_84644,Jörg Meuthen,2018-02-07,"Ich fordere die deutsche Bundesregierung auf, weder die Nichtstreichung aller britischen Sitze noch den gewählten Verteilerschlüssel zu akzeptieren und beides im Rat zu blockieren. Die systematische Benachteiligung der deutschen Bürger im Europäischen Parlament muss beendet werden. Um auf den Unfug transnationaler Listen hier noch einzugehen, fehlt die Zeit. Es ist zentralistischer und bürgerferner Unfug. Punkt.",Ich fordere die deutsche Bundesregierung auf  weder die Nichtstreichung aller britischen Sitze noch den gewählten Verteilerschlüssel zu akzeptieren und beides im Rat zu blockieren  Die systematische Benachteiligung der deutschen Bürger im Europäischen Parlament muss beendet werden  Um auf den Unfug transnationaler Listen hier noch einzugehen  fehlt die Zeit  Es ist zentralistischer und bürgerferner Unfug  Punkt,55
493,eu8_85235,Jörg Meuthen,2018-02-06,"Das durch kluge institutionelle Konsolidierung zu verhindern, ist das Gebot der nächsten Jahre. Das ist wichtiger, als die Aufnahme weiterer Staaten vor dieser Aufgabe; letzteres ist völlig nachrangig.",Das durch kluge institutionelle Konsolidierung zu verhindern  ist das Gebot der nächsten Jahre  Das ist wichtiger  als die Aufnahme weiterer Staaten vor dieser Aufgabe  letzteres ist völlig nachrangig,28
494,eu8_85580,Jörg Meuthen,2018-02-05,"Hier im Parlament und auch im Rat werden wir genau hinsehen, welcher Kollege und welcher Finanzminister leichtfertig nationale Souveränität in steuerlicher Hinsicht aufzugeben bereit ist.",Hier im Parlament und auch im Rat werden wir genau hinsehen  welcher Kollege und welcher Finanzminister leichtfertig nationale Souveränität in steuerlicher Hinsicht aufzugeben bereit ist,25
495,eu8_86437,Jörg Meuthen,2018-01-16,"Der Westen unterstützt ohne Sinn und Verstand Al-Qaidas Ableger in Syrien, ebenso wie das wahabitische System Saudi-Arabiens – beides Fehlentscheidungen von grandiosem Ausmaß, die belegen: Wir sollten auf alle Zeit Abstand nehmen vom Rumhantieren im Nahen Osten.",Der Westen unterstützt ohne Sinn und Verstand AlQaidas Ableger in Syrien  ebenso wie das wahabitische System SaudiArabiens – beides Fehlentscheidungen von grandiosem Ausmaß  die belegen  Wir sollten auf alle Zeit Abstand nehmen vom Rumhantieren im Nahen Osten,37
496,eu8_86837,Jörg Meuthen,2018-01-15,"Wenn jemand einen Masterplan ersinnen wollte, wie man ein Land gezielt durch immer weitere Sozialmigration zugrunde richtet, so könnte er aussehen.",Wenn jemand einen Masterplan ersinnen wollte  wie man ein Land gezielt durch immer weitere Sozialmigration zugrunde richtet  so könnte er aussehen,21
497,eu8_91660,Marcus Pretzell,2017-10-03,"Herr Präsident, Herr Kommissar, meine Damen und Herren Kollegen! Ich möchte Ihre Wohlfühlatmosphäre ganz kurz mit einigen Zahlen stören: China ist für etwas mehr als 28 % des CO2-Ausstoßes auf dieser Welt verantwortlich. Die USA sind für rund 16 % des CO2-Ausstoßes auf dieser Welt verantwortlich. Indien steht für über 6 %, Russland für rund 4,5 %. Zusammen stehen diese vier Länder für 55 % des CO2-Ausstoßes auf der Welt. China hat angekündigt, bis 2030 keine Reduktion des CO2-Ausstoßes vorzunehmen. Die USA – wie Sie es hier alle beklagen – haben bereits angekündigt, aus dem Klimaabkommen auszusteigen. Indien hat gerade laufende Planungen für 370 neue Kohlekraftwerke. 370 neue Kohlekraftwerke, meine Damen und Herren, so viel CO2 können Sie in den kommenden Jahrzehnten in der ganzen Europäischen Union nicht einsparen! Russland hat bislang noch gar nicht ratifiziert und hat das für 2020 angekündigt. Schauen wir mal. Was ich Ihnen damit sagen möchte?",Herr Präsident  Herr Kommissar  meine Damen und Herren Kollegen  Ich möchte Ihre Wohlfühlatmosphäre ganz kurz mit einigen Zahlen stören  China ist für etwas mehr als 28    des CO2Ausstoßes auf dieser Welt verantwortlich  Die USA sind für rund 16    des CO2Ausstoßes auf dieser Welt verantwortlich  Indien steht für über 6     Russland für rund 45     Zusammen stehen diese vier Länder für 55    des CO2Ausstoßes auf der Welt  China hat angekündigt  bis 2030 keine Reduktion des CO2Ausstoßes vorzunehmen  Die USA – wie Sie es hier alle beklagen – haben bereits angekündigt  aus dem Klimaabkommen auszusteigen  Indien hat gerade laufende Planungen für 370 neue Kohlekraftwerke  370 neue Kohlekraftwerke  meine Damen und Herren  so viel CO2 können Sie in den kommenden Jahrzehnten in der ganzen Europäischen Union nicht einsparen  Russland hat bislang noch gar nicht ratifiziert und hat das für 2020 angekündigt  Schauen wir mal  Was ich Ihnen damit sagen möchte,146
498,eu8_91660,Marcus Pretzell,2017-10-03,"Wenn Herr Juncker sagt, die EU soll federführend sein, dann meint er vermutlich eher, dass die EU ein Federgewicht beim Klimaschutz ist. Es handelt sich hier um Zwerge, die gemeinsam etwas erreichen wollen. Meine Damen und Herren, liebe Klima-Alarmisten, orientieren Sie sich an dem Machbaren! Das Klima der Welt wird nicht in der Europäischen Union gerettet, es wird nicht durch die Europäische Union gerettet, und Sie machen sich mit Ihren Forderungen auch in Bonn vor den Augen der Welt lächerlich.",Wenn Herr Juncker sagt  die EU soll federführend sein  dann meint er vermutlich eher  dass die EU ein Federgewicht beim Klimaschutz ist  Es handelt sich hier um Zwerge  die gemeinsam etwas erreichen wollen  Meine Damen und Herren  liebe KlimaAlarmisten  orientieren Sie sich an dem Machbaren  Das Klima der Welt wird nicht in der Europäischen Union gerettet  es wird nicht durch die Europäische Union gerettet  und Sie machen sich mit Ihren Forderungen auch in Bonn vor den Augen der Welt lächerlich,80
499,eu8_98760,Marcus Pretzell,2017-04-04,"Autohersteller, die weltweit Kunden glücklich machen und denen wir einen guten Teil des deutschen Wohlstands zu verdanken haben, erscheinen als umweltschädigende Triebtäter, als Schwerverbrecher, denen die Kommission und ihre tausend Behörden mit immer ausgeklügelteren Ermittlungsmethoden auf die Schliche kommen müsse, wenn der Kontinent nicht in der Katastrophe enden soll. Herr Dalton, was haben Sie eigentlich gegen Volkswagen? Und warum glauben Sie, dass ausgerechnet die Kommission etwas verbessern könnte? Haben Sie vergessen, dass die Typgenehmigungsrichtlinie von 2007 nichtssagende Testzyklen im Labor ausreichend fand? Haben Sie vergessen, dass die Kommission spätestens seit 2010 von den abweichenden Emissionswerten wusste und die Augen fest zugemacht hat? Und glauben Sie, dass die neue Verordnung tatsächlich die Gesundheit der Verbraucher schützen wird? Ihre Partei hat in Großbritannien nachgewiesen, dass sie in der Lage ist, die Automobilindustrie annähernd zu zerstören.",Autohersteller  die weltweit Kunden glücklich machen und denen wir einen guten Teil des deutschen Wohlstands zu verdanken haben  erscheinen als umweltschädigende Triebtäter  als Schwerverbrecher  denen die Kommission und ihre tausend Behörden mit immer ausgeklügelteren Ermittlungsmethoden auf die Schliche kommen müsse  wenn der Kontinent nicht in der Katastrophe enden soll  Herr Dalton  was haben Sie eigentlich gegen Volkswagen  Und warum glauben Sie  dass ausgerechnet die Kommission etwas verbessern könnte  Haben Sie vergessen  dass die Typgenehmigungsrichtlinie von 2007 nichtssagende Testzyklen im Labor ausreichend fand  Haben Sie vergessen  dass die Kommission spätestens seit 2010 von den abweichenden Emissionswerten wusste und die Augen fest zugemacht hat  Und glauben Sie  dass die neue Verordnung tatsächlich die Gesundheit der Verbraucher schützen wird  Ihre Partei hat in Großbritannien nachgewiesen  dass sie in der Lage ist  die Automobilindustrie annähernd zu zerstören,133
500,eu8_100537,Beatrix von Storch,2017-03-13,"Deswegen haben wir, als Partei, in unserem Programm zu dem Thema auch nur ein Wort: Keinen Cent für diesen Quatsch.",Deswegen haben wir  als Partei  in unserem Programm zu dem Thema auch nur ein Wort  Keinen Cent für diesen Quatsch,20
501,eu8_101896,Beatrix von Storch,2017-02-14,"Ein Tiefpunkt des Parlamentarismus ist, dass diese Schlüsselpositionierung von CDU, SPD und Grünen unter Missbrauch der Geschäftsordnung des EU-Parlaments als „nicht-strategisch“ bezeichnet wurde, um dadurch Änderungsanträge von uns Euro-Realisten zu verhindern.",Ein Tiefpunkt des Parlamentarismus ist  dass diese Schlüsselpositionierung von CDU  SPD und Grünen unter Missbrauch der Geschäftsordnung des EUParlaments als „ nichtstrategisch “ bezeichnet wurde  um dadurch Änderungsanträge von uns EuroRealisten zu verhindern,33
502,eu8_107469,Beatrix von Storch,2016-12-13,"Sehr geehrter Herr Präsident, liebe Kollegen, das hier als großer Wurf gefeierte Paket geht an der Sache vorbei. Es bekämpft ein Phantom. Der menschengemachte Klimawandel ist nicht gesicherte Kenntnis, sondern wissenschaftliche Hypothese. Viel spricht dafür, dass er eine Erfindung von Lobbyinteressen und an Forschungsgeldern interessierten Wissenschaftlern ist. Meine Partei lehnt daher sämtliche Vorhaben, die auf eine Reduzierung so genannter Klimagase abzielen, rundheraus ab. Wir brauchen keine Energiewende, keine grüne Energie, sondern vielmehr eine rationale Energiepolitik, die sich an Konsumenten ausrichtet und marktwirtschaftlich gegründet ist. Wer von einem Marktdesign redet, wer glaubt, die besten Energien von morgen und für morgen zu kennen, der unterliegt einem eklatanten Irrtum. Das können wir uns als Gesetzgeber nicht erlauben. Angezeigt ist eine Demut vor der Zukunft und der individuellen Rationalität der handelnden Nachfrager.",Sehr geehrter Herr Präsident  liebe Kollegen  das hier als großer Wurf gefeierte Paket geht an der Sache vorbei  Es bekämpft ein Phantom  Der menschengemachte Klimawandel ist nicht gesicherte Kenntnis  sondern wissenschaftliche Hypothese  Viel spricht dafür  dass er eine Erfindung von Lobbyinteressen und an Forschungsgeldern interessierten Wissenschaftlern ist  Meine Partei lehnt daher sämtliche Vorhaben  die auf eine Reduzierung so genannter Klimagase abzielen  rundheraus ab  Wir brauchen keine Energiewende  keine grüne Energie  sondern vielmehr eine rationale Energiepolitik  die sich an Konsumenten ausrichtet und marktwirtschaftlich gegründet ist  Wer von einem Marktdesign redet  wer glaubt  die besten Energien von morgen und für morgen zu kennen  der unterliegt einem eklatanten Irrtum  Das können wir uns als Gesetzgeber nicht erlauben  Angezeigt ist eine Demut vor der Zukunft und der individuellen Rationalität der handelnden Nachfrager,128
503,eu8_107469,Beatrix von Storch,2016-12-13,"Maßen wir uns nicht an, über ein Wissen zu verfügen, das uns über diese erhebt. Deshalb sollten wir diese Vorhaben unmittelbar wieder einmotten. Das Winterpaket der Kommission gehört auf Eis gelegt. Sofort.",Maßen wir uns nicht an  über ein Wissen zu verfügen  das uns über diese erhebt  Deshalb sollten wir diese Vorhaben unmittelbar wieder einmotten  Das Winterpaket der Kommission gehört auf Eis gelegt  Sofort,32
504,eu8_108640,Beatrix von Storch,2016-12-13,"Wenn Sie das Vertrauen zurückgewinnen wollen, wenn Sie mehr Werbung für die EU machen wollen, dann sollten wir hier ansetzen und insbesondere diese Vorwürfe, die Ihnen gemacht werden, haarklein aufklären.",Wenn Sie das Vertrauen zurückgewinnen wollen  wenn Sie mehr Werbung für die EU machen wollen  dann sollten wir hier ansetzen und insbesondere diese Vorwürfe  die Ihnen gemacht werden  haarklein aufklären,30
505,eu8_110493,Beatrix von Storch,2016-12-01,Das darf jedoch nicht zu einer Ablehnung dieser ersten Datenschutzregeln führen.,Das darf jedoch nicht zu einer Ablehnung dieser ersten Datenschutzregeln führen,11
506,eu8_112411,Beatrix von Storch,2016-12-01,"Der Entschließung des EU-Parlaments zu dem Zugang zu Energie in Entwicklungsländern habe ich nicht zugestimmt. Bei der Entschließung handelt es sich um ein eigentümliches Sammelsurium von Ideen, das gestrickt ist aus dem Glauben an einen menschengemachten Klimawandel und dem Bestreben, die aus diesem Glauben resultierenden regulativen Strangulierungen auf Entwicklungsländer zu übertragen und diesen auch noch die letzte Chance zu nehmen, sich zu industrialisieren. Die Entschließung fordert die EU auch auf, bei sämtlichen energiepolitischen Maßnahmen geschlechterspezifische Aspekte und vor allem Frauen mit ihren besonderen Bedürfnissen zu berücksichtigen. All das lehne ich ab.",Der Entschließung des EUParlaments zu dem Zugang zu Energie in Entwicklungsländern habe ich nicht zugestimmt  Bei der Entschließung handelt es sich um ein eigentümliches Sammelsurium von Ideen  das gestrickt ist aus dem Glauben an einen menschengemachten Klimawandel und dem Bestreben  die aus diesem Glauben resultierenden regulativen Strangulierungen auf Entwicklungsländer zu übertragen und diesen auch noch die letzte Chance zu nehmen  sich zu industrialisieren  Die Entschließung fordert die EU auch auf  bei sämtlichen energiepolitischen Maßnahmen geschlechterspezifische Aspekte und vor allem Frauen mit ihren besonderen Bedürfnissen zu berücksichtigen  All das lehne ich ab,91
507,eu8_113373,Beatrix von Storch,2016-11-24,"Ich habe mich bei der Abstimmung über Syrien enthalten. Die Situation ist weitaus zu komplex, als dass das EU-Parlament hier eine klare Position beziehen könnte.",Ich habe mich bei der Abstimmung über Syrien enthalten  Die Situation ist weitaus zu komplex  als dass das EUParlament hier eine klare Position beziehen könnte,25
508,eu8_114406,Beatrix von Storch,2016-11-24,"Der Entschließung des EU-Parlaments zu neuen Chancen für kleine Verkehrsunternehmen einschließlich solcher, die kollaborative Geschäftsmodelle verfolgen, habe ich nicht zugestimmt. Der Bericht fordert die Umsetzung der COP 21 und die CO2-Reduktion. Er begrüßt die durch den EFSI geschaffenen Möglichkeiten. Er fordert den Aufbau eines integrierten europäischen Fahrkartenvertriebssystems. Und schließlich fordert der Bericht alle möglichen und unmöglichen Formen der Rechtsvereinheitlichung und mischt sich ins Sozial- und Arbeitsrecht der Mitgliedstaaten ein.",Der Entschließung des EUParlaments zu neuen Chancen für kleine Verkehrsunternehmen einschließlich solcher  die kollaborative Geschäftsmodelle verfolgen  habe ich nicht zugestimmt  Der Bericht fordert die Umsetzung der COP 21 und die CO2Reduktion  Er begrüßt die durch den EFSI geschaffenen Möglichkeiten  Er fordert den Aufbau eines integrierten europäischen Fahrkartenvertriebssystems  Und schließlich fordert der Bericht alle möglichen und unmöglichen Formen der Rechtsvereinheitlichung und mischt sich ins Sozial und Arbeitsrecht der Mitgliedstaaten ein,69
509,eu8_114949,Beatrix von Storch,2016-11-23,"Ich habe daher befürwortet, den Gerichtshof um ein Gutachten über die Vereinbarkeit des geplanten Abkommens mit den Verträgen zu ersuchen.",Ich habe daher befürwortet  den Gerichtshof um ein Gutachten über die Vereinbarkeit des geplanten Abkommens mit den Verträgen zu ersuchen,20
510,eu8_115168,Beatrix von Storch,2016-11-23,"Bei der Entschließung des EU-Parlaments zu dem Vorschlag für eine Richtlinie des Europäischen Parlaments und des Rates über die Verringerung der nationalen Emissionen bestimmter Luftschadstoffe und zur Änderung der Richtlinie 2003/35/EG habe ich mich enthalten. Diese Richtlinie betrifft Schadstoffe und Emissionen. Ich hielte es für besser, wenn Schadstoffe durch nationale demokratische Entscheidungen reguliert würden. Die Regulierung von sog. Klimagasen lehne ich ab.",Bei der Entschließung des EUParlaments zu dem Vorschlag für eine Richtlinie des Europäischen Parlaments und des Rates über die Verringerung der nationalen Emissionen bestimmter Luftschadstoffe und zur Änderung der Richtlinie 2003  35  EG habe ich mich enthalten  Diese Richtlinie betrifft Schadstoffe und Emissionen  Ich hielte es für besser  wenn Schadstoffe durch nationale demokratische Entscheidungen reguliert würden  Die Regulierung von sog Klimagasen lehne ich ab,64
511,eu8_115534,Beatrix von Storch,2016-11-23,"Denn die Armeen der 27 Mitgliedstaaten sind entweder kaputtgespart oder chronisch unterfinanziert. Die Bundeswehr muss gar Minderjährige rekrutieren. Viele ausgezehrte nationale Armeen ergeben jedoch keine schlagkräftige EU-Armee. Wir haben in Deutschland in langen Jahren einen tragfähigen, verfassungsmäßig verankerten Parlamentsvorbehalt erkämpft. In Deutschland entscheidet der Bundestag über den Bundeswehr-Einsatz. Das wird durch die EU zunichtegemacht. Gegenüber einem zukünftigen EU-Einsatzkommando der Exekutive werden nationale Parlamente hilflos sein.",Denn die Armeen der 27 Mitgliedstaaten sind entweder kaputtgespart oder chronisch unterfinanziert  Die Bundeswehr muss gar Minderjährige rekrutieren  Viele ausgezehrte nationale Armeen ergeben jedoch keine schlagkräftige EUArmee  Wir haben in Deutschland in langen Jahren einen tragfähigen  verfassungsmäßig verankerten Parlamentsvorbehalt erkämpft  In Deutschland entscheidet der Bundestag über den BundeswehrEinsatz  Das wird durch die EU zunichtegemacht  Gegenüber einem zukünftigen EUEinsatzkommando der Exekutive werden nationale Parlamente hilflos sein,65
512,eu8_118101,Beatrix von Storch,2016-11-22,"Der Entschließung des EU-Parlaments über die Freisetzung des Potenzials der Personenbeförderung auf dem Wasserweg habe ich nicht zugestimmt. Der Bericht fordert die Kommission auf, Maßnahmen zur Verringerung der CO2-Emissionen gemäß dem im Rahmen der Pariser Klimakonferenz (COP 21) beschlossenen Abkommen zu ergreifen. Das lehne ich ab. Der Bericht fordert Photovoltaikanlagen auf den Gebäuden der Hafenterminals. Der Bericht begrüßt den Vorschlag der Kommission, harmonisierte Normen für die Qualifikation von Besatzungsmitgliedern und Kapitänen festzulegen.",Der Entschließung des EUParlaments über die Freisetzung des Potenzials der Personenbeförderung auf dem Wasserweg habe ich nicht zugestimmt  Der Bericht fordert die Kommission auf  Maßnahmen zur Verringerung der CO2Emissionen gemäß dem im Rahmen der Pariser Klimakonferenz  COP 21  beschlossenen Abkommen zu ergreifen  Das lehne ich ab  Der Bericht fordert Photovoltaikanlagen auf den Gebäuden der Hafenterminals  Der Bericht begrüßt den Vorschlag der Kommission  harmonisierte Normen für die Qualifikation von Besatzungsmitgliedern und Kapitänen festzulegen,72
513,eu8_118723,Marcus Pretzell,2016-11-21,"Sie sprachen davon, dass wir möglicherweise Spielball werden von Ereignissen, die größer sind als wir. Herr Draghi, die Mathematik ist größer als wir, und Schulden, die Sie aufbauen wollen, sind systemimmanent. Es ist ein Pyramidenspiel. Sie haben nur noch die Wahl zwischen deflationärer Spirale oder Hyperinflation. Sie werden sich entscheiden müssen, Herr Draghi. Das ist Betrug am Bürger, Betrug am Sparer, Betrug am zukünftigen Rentner und dem arbeitenden Mittelstand, Herr Draghi. Je länger Sie Ihr zerstörerisches Werk fortsetzen, desto dramatischer werden die Folgen für die Bürger des Euro-Gefängnisses sein. Hören Sie auf damit! Hören Sie auf, diese sozialen Verwerfungen zu erzeugen!",Sie sprachen davon  dass wir möglicherweise Spielball werden von Ereignissen  die größer sind als wir  Herr Draghi  die Mathematik ist größer als wir  und Schulden  die Sie aufbauen wollen  sind systemimmanent  Es ist ein Pyramidenspiel  Sie haben nur noch die Wahl zwischen deflationärer Spirale oder Hyperinflation  Sie werden sich entscheiden müssen  Herr Draghi  Das ist Betrug am Bürger  Betrug am Sparer  Betrug am zukünftigen Rentner und dem arbeitenden Mittelstand  Herr Draghi  Je länger Sie Ihr zerstörerisches Werk fortsetzen  desto dramatischer werden die Folgen für die Bürger des EuroGefängnisses sein  Hören Sie auf damit  Hören Sie auf  diese sozialen Verwerfungen zu erzeugen,101
514,eu8_118857,Beatrix von Storch,2016-11-21,Das ist ein dringender Schritt zur Normalisierung unserer Beziehungen mit Russland.,Das ist ein dringender Schritt zur Normalisierung unserer Beziehungen mit Russland,11
515,eu8_119224,Beatrix von Storch,2016-10-27,"Der Entschließung des EU-Parlaments über die „Entlastung für die Ausführung des Haushaltsplans des Gemeinsamen Unternehmens ENIAC für das Haushaltsjahr 2014“ habe ich nicht zugestimmt. Die EU sollte nicht in der Form Gemeinsamer Unternehmen wirtschaften. Dadurch werden intransparente Schattenhaushalte gebildet. Das Unternehmen selbst ist wirtschaftspolitisch verfehlt. Selbst wenn man Forschungssubventionen gutheißt, sollte Forschung nicht direkt durch die EU geschehen. Die Verweigerung der Entlastung ist zwingend.",Der Entschließung des EUParlaments über die „ Entlastung für die Ausführung des Haushaltsplans des Gemeinsamen Unternehmens ENIAC für das Haushaltsjahr 2014 “ habe ich nicht zugestimmt  Die EU sollte nicht in der Form Gemeinsamer Unternehmen wirtschaften  Dadurch werden intransparente Schattenhaushalte gebildet  Das Unternehmen selbst ist wirtschaftspolitisch verfehlt  Selbst wenn man Forschungssubventionen gutheißt  sollte Forschung nicht direkt durch die EU geschehen  Die Verweigerung der Entlastung ist zwingend,66
516,eu8_119348,Beatrix von Storch,2016-10-27,"Der Entschließung des EU-Parlaments über die „Entlastung für die Ausführung des Haushaltsplans des Gemeinsamen Unternehmens Artemis für das Haushaltsjahr 2014“ habe ich nicht zugestimmt. Die EU sollte nicht in der Form Gemeinsamer Unternehmen wirtschaften. Dadurch werden intransparente Schattenhaushalte gebildet. Das Unternehmen selbst ist wirtschaftspolitisch verfehlt. Selbst wenn man Forschungssubventionen gutheißt, sollte Forschung nicht direkt durch die EU geschehen. Die Verweigerung der Entlastung ist zwingend.",Der Entschließung des EUParlaments über die „ Entlastung für die Ausführung des Haushaltsplans des Gemeinsamen Unternehmens Artemis für das Haushaltsjahr 2014 “ habe ich nicht zugestimmt  Die EU sollte nicht in der Form Gemeinsamer Unternehmen wirtschaften  Dadurch werden intransparente Schattenhaushalte gebildet  Das Unternehmen selbst ist wirtschaftspolitisch verfehlt  Selbst wenn man Forschungssubventionen gutheißt  sollte Forschung nicht direkt durch die EU geschehen  Die Verweigerung der Entlastung ist zwingend,66
517,eu8_119470,Beatrix von Storch,2016-10-27,"Der Entschließung des EU-Parlaments über die „Entlastung für die Ausführung des Haushaltsplans des europäischen gemeinsamen Unternehmens für den ITER und die Entwicklung der Fusionsenergie für das Haushaltsjahr 2014“ habe ich nicht zugestimmt. Die EU sollte nicht in der Form Gemeinsamer Unternehmen wirtschaften. Dadurch werden intransparente Schattenhaushalte gebildet. Das Unternehmen selbst ist wirtschaftspolitisch verfehlt. Selbst wenn man Forschungssubventionen gutheißt, sollte Forschung nicht direkt durch die EU geschehen. ITER hat ein Budget von fast 1,2 Milliarden Euro 2014. Die Verweigerung der Entlastung ist zwingend.",Der Entschließung des EUParlaments über die „ Entlastung für die Ausführung des Haushaltsplans des europäischen gemeinsamen Unternehmens für den ITER und die Entwicklung der Fusionsenergie für das Haushaltsjahr 2014 “ habe ich nicht zugestimmt  Die EU sollte nicht in der Form Gemeinsamer Unternehmen wirtschaften  Dadurch werden intransparente Schattenhaushalte gebildet  Das Unternehmen selbst ist wirtschaftspolitisch verfehlt  Selbst wenn man Forschungssubventionen gutheißt  sollte Forschung nicht direkt durch die EU geschehen  ITER hat ein Budget von fast 12 Milliarden Euro 2014 Die Verweigerung der Entlastung ist zwingend,84
518,eu8_120557,Marcus Pretzell,2016-10-26,Konsequent wäre eine Rückkehr zum Binnenmarkt und nur zum Binnenmarkt.,Konsequent wäre eine Rückkehr zum Binnenmarkt und nur zum Binnenmarkt,10
519,eu8_120712,Beatrix von Storch,2016-10-26,"Euro für das EU-Parlamentsfernsehen, 32 Mio. Euro für die Europäischen Parteien, 19 Mio. Euro für die europäischen Parteistiftungen, 98 Mio. Euro für die Gehälter, 166 Mio. Euro für seine Gebäude sowie 16 neue Stellen für den Auswärtigen Dienst der EU und 17 Mio. Euro für die Reisekosten zwischen den Sitzen des EU-Parlaments in Straßburg, Brüssel und Luxemburg.",Euro für das EUParlamentsfernsehen  32 Mio Euro für die Europäischen Parteien  19 Mio Euro für die europäischen Parteistiftungen  98 Mio Euro für die Gehälter  166 Mio Euro für seine Gebäude sowie 16 neue Stellen für den Auswärtigen Dienst der EU und 17 Mio Euro für die Reisekosten zwischen den Sitzen des EUParlaments in Straßburg  Brüssel und Luxemburg,57
520,eu8_121928,Beatrix von Storch,2016-10-26,"Sie sollten sich fragen, wie Sie die Menschen zurückgewinnen können: „Entbrüsseln“ Sie sich!",Sie sollten sich fragen  wie Sie die Menschen zurückgewinnen können  „ Entbrüsseln “ Sie sich,15
521,eu8_122092,Beatrix von Storch,2016-10-26,"Nach allem, was Sie gerade gesagt haben – alles, glaube ich, richtig –, bleibt nur die Frage: Kann die Türkei weiter Beitrittskandidat für die Europäische Union sein, oder sind die Beitrittsverhandlungen zu beenden, abzubrechen?",Nach allem  was Sie gerade gesagt haben – alles  glaube ich  richtig –  bleibt nur die Frage  Kann die Türkei weiter Beitrittskandidat für die Europäische Union sein  oder sind die Beitrittsverhandlungen zu beenden  abzubrechen,34
522,eu8_124820,Beatrix von Storch,2016-10-25,"Der Entschließung des EU-Parlaments zu einer „EU-Strategie für Flüssigerdgas und die Speicherung von Gas“ habe ich nicht zugestimmt. Der Bericht basiert auf der Annahme, dass der CO2-Ausstoß wegen des angeblich menschengemachten Klimawandels reduziert werden müsse. Außerdem stuft der Bericht es als besorgniserregend ein, dass 2015 7 % mehr Gas als 2014 aus Russland eingeführt wurde und dass 2015 41 % der Gaseinfuhren aus Drittländern aus Russland kamen, während er gleichzeitig darauf hinweist, dass der Weltmarktpreis für Flüssiggas verhältnismäßig hoch war und die für Flüssiggas benötigten Terminals kaum ausgelastet waren. Im Grunde geht es darum, die teurere Marktalternative Flüssiggas zu verbilligen, um weniger Gas aus Russland zu importieren. Daraus zieht der Bericht dann die falsche Schlussfolgerung, die fehlenden Infrastrukturvoraussetzungen zu subventionieren.",Der Entschließung des EUParlaments zu einer „ EUStrategie für Flüssigerdgas und die Speicherung von Gas “ habe ich nicht zugestimmt  Der Bericht basiert auf der Annahme  dass der CO2Ausstoß wegen des angeblich menschengemachten Klimawandels reduziert werden müsse  Außerdem stuft der Bericht es als besorgniserregend ein  dass 2015 7    mehr Gas als 2014 aus Russland eingeführt wurde und dass 2015 41    der Gaseinfuhren aus Drittländern aus Russland kamen  während er gleichzeitig darauf hinweist  dass der Weltmarktpreis für Flüssiggas verhältnismäßig hoch war und die für Flüssiggas benötigten Terminals kaum ausgelastet waren  Im Grunde geht es darum  die teurere Marktalternative Flüssiggas zu verbilligen  um weniger Gas aus Russland zu importieren  Daraus zieht der Bericht dann die falsche Schlussfolgerung  die fehlenden Infrastrukturvoraussetzungen zu subventionieren,120
523,eu8_124820,Beatrix von Storch,2016-10-25,Bei allem Verständnis für Gegenmaßnahmen gegen einen etwaigen Monopolanbieter sind Subventionen jedoch der falsche Schluss.,Bei allem Verständnis für Gegenmaßnahmen gegen einen etwaigen Monopolanbieter sind Subventionen jedoch der falsche Schluss,15
524,eu8_125414,Beatrix von Storch,2016-10-25,"Außerdem forderte das EU-Parlament mit den Stimmen der Christdemokraten, das Subsidiaritätsprinzip abzuschaffen: Mitgliedstaaten sollen nicht mehr eigenständig die sie betreffenden Angelegenheiten in Wertefragen regeln. Die große Einheits-Koalition aus Grünen, Sozialdemokraten und den Christdemokraten hat dieser undemokratischen Überwachungskultur zugestimmt. Ich nicht.",Außerdem forderte das EUParlament mit den Stimmen der Christdemokraten  das Subsidiaritätsprinzip abzuschaffen  Mitgliedstaaten sollen nicht mehr eigenständig die sie betreffenden Angelegenheiten in Wertefragen regeln  Die große EinheitsKoalition aus Grünen  Sozialdemokraten und den Christdemokraten hat dieser undemokratischen Überwachungskultur zugestimmt  Ich nicht,40
525,eu8_125459,Marcus Pretzell,2016-10-25,"Was fällt der Europäischen Kommission dazu ein? Ultimaten, Erpressung und Bestechung. Was ist die Zustimmung von Wallonien Ihnen wert? Was werden Sie ihnen anbieten, um letztlich Millionen Menschen in Europa wieder hinters Licht zu führen? Wenn Herr Timmermans sagt, die letzten Jahre machen ihm Mut, dann sollten Europas Bürger davor Angst haben. Es ist nicht die Zeit für business as usual –auch 2017 nicht. Aber Veränderung geht nicht mit people as usual. Deshalb braucht Europa neue Ideen, braucht neue Köpfe. In Deutschland werden wir damit 2017 anfangen. Und das ist erst der Anfang!",Was fällt der Europäischen Kommission dazu ein  Ultimaten  Erpressung und Bestechung  Was ist die Zustimmung von Wallonien Ihnen wert  Was werden Sie ihnen anbieten  um letztlich Millionen Menschen in Europa wieder hinters Licht zu führen  Wenn Herr Timmermans sagt  die letzten Jahre machen ihm Mut  dann sollten Europas Bürger davor Angst haben  Es ist nicht die Zeit für business as usual – auch 2017 nicht  Aber Veränderung geht nicht mit people as usual  Deshalb braucht Europa neue Ideen  braucht neue Köpfe  In Deutschland werden wir damit 2017 anfangen  Und das ist erst der Anfang,94
526,eu8_129476,Beatrix von Storch,2016-10-04,"Der Entschließung des Europäischen Parlaments zu dem „Entwurf eines Beschlusses des Rates über den Abschluss des im Rahmen des Rahmenübereinkommens der Vereinten Nationen über Klimaänderungen geschlossenen Übereinkommens von Paris im Namen der Europäischen Union“ habe ich nicht zugestimmt. Es geht um ein Abkommen zur Bewältigung des Klimawandels. Das Klima wandelt sich, solange die Erde existiert. Die Klimaschutzpolitik beruht auf hypothetischen Klima-Modellen, basierend auf computergestützten Simulationen des IPCC („Weltklimarat“). Kohlendioxid (CO2) ist kein Schadstoff, sondern ein unverzichtbarer Bestandteil allen Lebens. Die grundsätzlichen Annahmen eines menschengemachten Klimawandels teile ich daher nicht. Eine Politik auf dieser Basis unterstütze ich nicht. Ich denke nicht, dass es ein politisches Ziel sein sollte, die Erderwärmung deutlich unter 2 °C gegenüber dem vorindustriellen Niveau zu halten.",Der Entschließung des Europäischen Parlaments zu dem „ Entwurf eines Beschlusses des Rates über den Abschluss des im Rahmen des Rahmenübereinkommens der Vereinten Nationen über Klimaänderungen geschlossenen Übereinkommens von Paris im Namen der Europäischen Union “ habe ich nicht zugestimmt  Es geht um ein Abkommen zur Bewältigung des Klimawandels  Das Klima wandelt sich  solange die Erde existiert  Die Klimaschutzpolitik beruht auf hypothetischen KlimaModellen  basierend auf computergestützten Simulationen des IPCC  „ Weltklimarat “   Kohlendioxid  CO2  ist kein Schadstoff  sondern ein unverzichtbarer Bestandteil allen Lebens  Die grundsätzlichen Annahmen eines menschengemachten Klimawandels teile ich daher nicht  Eine Politik auf dieser Basis unterstütze ich nicht  Ich denke nicht  dass es ein politisches Ziel sein sollte  die Erderwärmung deutlich unter 2   ° C gegenüber dem vorindustriellen Niveau zu halten,124
527,eu8_129476,Beatrix von Storch,2016-10-04,"Die hierzu geplante zwangsweise Senkung der CO2-Emissionen schwächt den Wirtschaftsstandort und senkt den Lebensstandard. Die Bekämpfung eines angeblich menschengemachten Klimawandels destabilisiert und verteuert unsere bisher sichere Stromversorgung. Die AfD sagt „Ja zum Umweltschutz“, macht aber Schluss mit der „Klimaschutzpolitik“ und mit den Plänen zur Dekarbonisierung und „Transformation der Gesellschaft“.",Die hierzu geplante zwangsweise Senkung der CO2Emissionen schwächt den Wirtschaftsstandort und senkt den Lebensstandard  Die Bekämpfung eines angeblich menschengemachten Klimawandels destabilisiert und verteuert unsere bisher sichere Stromversorgung  Die AfD sagt „ Ja zum Umweltschutz “  macht aber Schluss mit der „ Klimaschutzpolitik “ und mit den Plänen zur Dekarbonisierung und „ Transformation der Gesellschaft “,55
528,eu8_130169,Beatrix von Storch,2016-10-04,"Der Entschließung über den Antrag auf Aufhebung der Immunität von Giorgos Grammatikakis habe ich zugestimmt. Der Betroffene hat den Antrag selbst gestellt, um die über ihm schwebende Sache endlich vom Tisch zu bekommen.",Der Entschließung über den Antrag auf Aufhebung der Immunität von Giorgos Grammatikakis habe ich zugestimmt  Der Betroffene hat den Antrag selbst gestellt  um die über ihm schwebende Sache endlich vom Tisch zu bekommen,33
529,eu8_131025,Beatrix von Storch,2016-10-04,"Schließlich lehne ich den Bericht auch deshalb ab, weil er die Gleichstellung der Geschlechter fordert, eine Zusammenarbeit auch in Bezug den Klimawandel stattfinden soll und vor allem weil das neue Kooperationsabkommen eine Paritätische Parlamentarische Versammlung (PPV) vorsieht, die im Rahmen eines Partnerschaftsabkommens eine völlig deplatzierte parlamentarische Dimension schaffen bzw. vertiefen würde.",Schließlich lehne ich den Bericht auch deshalb ab  weil er die Gleichstellung der Geschlechter fordert  eine Zusammenarbeit auch in Bezug den Klimawandel stattfinden soll und vor allem weil das neue Kooperationsabkommen eine Paritätische Parlamentarische Versammlung  PPV  vorsieht  die im Rahmen eines Partnerschaftsabkommens eine völlig deplatzierte parlamentarische Dimension schaffen bzw vertiefen würde,51
530,eu8_131106,Beatrix von Storch,2016-10-04,"Griechenland stünde nicht unter Kuratel, sondern wäre immer noch eine souveräne Demokratie, und Europa wäre jetzt nicht in Unfrieden gespalten, sondern in Frieden vereint – das wäre mein Wunsch.",Griechenland stünde nicht unter Kuratel  sondern wäre immer noch eine souveräne Demokratie  und Europa wäre jetzt nicht in Unfrieden gespalten  sondern in Frieden vereint – das wäre mein Wunsch,29
531,eu8_131314,Beatrix von Storch,2016-10-04,"Ein dreiwöchiges Interrail-Ticket kostet 374 EUR. 2015 vollendeten 5,4 Mio. Jugendliche das achtzehnte Lebensjahr (EU—28). Manfred Weber will also 2 Mrd. EUR für Bahnfahren ausgeben. Und wer bezahlt den 19-jährigen Jugendlichen drei Wochen lang Hotels, Jugendherbergen, Essen und Trinken? Das darf die CSU gerne aus ihren schwarzen Parteikassen bezahlen, aber doch nicht von Steuergeld!",Ein dreiwöchiges InterrailTicket kostet 374   EUR  2015 vollendeten 54 Mio Jugendliche das achtzehnte Lebensjahr  EU—28   Manfred Weber will also 2   Mrd   EUR für Bahnfahren ausgeben  Und wer bezahlt den 19jährigen Jugendlichen drei Wochen lang Hotels  Jugendherbergen  Essen und Trinken  Das darf die CSU gerne aus ihren schwarzen Parteikassen bezahlen  aber doch nicht von Steuergeld,54
532,eu8_132893,Beatrix von Storch,2016-09-15,"Nun existiert ein Euro, der als Durchschnittsprodukt den Weichwährungsländern ein zu hartes Zinsumfeld bietet und in den Hartwährungsländern Finanzierungssubventionen bis hin zur Blasenbildung liefert. Solange der Euro besteht, werden diese Probleme wohl schwerlich behoben werden können, erst recht nicht durch mehr Regulierung, wie vom Bericht teilweise vorgeschlagen.",Nun existiert ein Euro  der als Durchschnittsprodukt den Weichwährungsländern ein zu hartes Zinsumfeld bietet und in den Hartwährungsländern Finanzierungssubventionen bis hin zur Blasenbildung liefert  Solange der Euro besteht  werden diese Probleme wohl schwerlich behoben werden können  erst recht nicht durch mehr Regulierung  wie vom Bericht teilweise vorgeschlagen,47
533,eu8_133417,Beatrix von Storch,2016-09-15,"Es gibt wohl kein Instrument der EU, das den wirtschaftlichen Wandel in ähnlicher Halsstarrigkeit aufzuhalten sucht wie der EGF und dabei marktwirtschaftliche Prinzipien verletzt.",Es gibt wohl kein Instrument der EU  das den wirtschaftlichen Wandel in ähnlicher Halsstarrigkeit aufzuhalten sucht wie der EGF und dabei marktwirtschaftliche Prinzipien verletzt,24
534,eu8_134526,Beatrix von Storch,2016-09-14,"Wenn es tatsächlich zu Vertragsverletzungen gekommen sein könnte, dann ist einzig der EuGH befugt, darüber zu befinden. Nicht jedoch die ideologisch handelnde EU-Kommission.",Wenn es tatsächlich zu Vertragsverletzungen gekommen sein könnte  dann ist einzig der EuGH befugt  darüber zu befinden  Nicht jedoch die ideologisch handelnde EUKommission,23
535,eu8_135911,Beatrix von Storch,2016-09-13,"Wir wollen regionale und lokale Selbstverwaltung ermöglichen und Subsidiarität garantieren, damit regionale Eigen- und Besonderheiten gepflegt werden können. Wir wollen dem Föderalismus wieder mehr Gewicht verleihen. Die AfD ist also schon gegenüber einer Politik des regionalen Ausgleichs innerhalb Deutschlands einigermaßen skeptisch eingestellt. Auf Ebene der EU hat diese erst recht nichts zu suchen. Wir stehen für starke und selbständige Nationalstaaten.",Wir wollen regionale und lokale Selbstverwaltung ermöglichen und Subsidiarität garantieren  damit regionale Eigen und Besonderheiten gepflegt werden können  Wir wollen dem Föderalismus wieder mehr Gewicht verleihen  Die AfD ist also schon gegenüber einer Politik des regionalen Ausgleichs innerhalb Deutschlands einigermaßen skeptisch eingestellt  Auf Ebene der EU hat diese erst recht nichts zu suchen  Wir stehen für starke und selbständige Nationalstaaten,60
536,eu8_136230,Beatrix von Storch,2016-09-13,"Ich habe für die Aufhebung der Immunität gestimmt, weil es sich nicht um einen mandatsbezogenen Sachverhalt handelt.",Ich habe für die Aufhebung der Immunität gestimmt  weil es sich nicht um einen mandatsbezogenen Sachverhalt handelt,17
537,eu8_136431,Beatrix von Storch,2016-09-13,"Ich habe für die Aufhebung der Immunität gestimmt, weil es sich nicht um einen mandatsbezogenen Sachverhalt handelt.",Ich habe für die Aufhebung der Immunität gestimmt  weil es sich nicht um einen mandatsbezogenen Sachverhalt handelt,17
538,eu8_137005,Beatrix von Storch,2016-09-13,"Den Kandidaten habe ich abgelehnt, weil sein Hintergrund und Werdegang zu politisch gefärbt sind.",Den Kandidaten habe ich abgelehnt  weil sein Hintergrund und Werdegang zu politisch gefärbt sind,14
539,eu8_138083,Beatrix von Storch,2016-09-13,"Außerdem spricht sich das Parlament für die Gestaltung der Schulferien im Voralpenraum aus. Das ist ganz gewiss nicht seine Zuständigkeit, sondern Ländersache. Ich unterstütze, wenn sich die Alpenregionen im Rahmen der inter-regionalen Zusammenarbeit unter der Hoheit ihrer jeweiligen nationalen Regierungen miteinander koordinieren. Die EU hat hier jedoch nichts verloren. Es gibt keinen belastbaren Beweis für einen Mehrwert, aber es schafft neue Abhängigkeit von der EU-Kommission. Das sollten wir nicht vergessen.",Außerdem spricht sich das Parlament für die Gestaltung der Schulferien im Voralpenraum aus  Das ist ganz gewiss nicht seine Zuständigkeit  sondern Ländersache  Ich unterstütze  wenn sich die Alpenregionen im Rahmen der interregionalen Zusammenarbeit unter der Hoheit ihrer jeweiligen nationalen Regierungen miteinander koordinieren  Die EU hat hier jedoch nichts verloren  Es gibt keinen belastbaren Beweis für einen Mehrwert  aber es schafft neue Abhängigkeit von der EUKommission  Das sollten wir nicht vergessen,70
540,eu8_138859,Marcus Pretzell,2016-09-12,"Das, meine Damen und Herren, hat nichts mit einem sinnvollen europäischen Markt zu tun.",Das  meine Damen und Herren  hat nichts mit einem sinnvollen europäischen Markt zu tun,14
541,eu8_139024,Beatrix von Storch,2016-09-12,"Frau Präsidentin! Aus dem Brexit hat hier offenbar niemand etwas gelernt. Diese Woche kommen die deutsche Regierung und Frankreich mit der tollen neuen Idee einer EU—Armee mit EU—Militärforschung und EU—Budget. Die Kommission plant die EU—Arbeitslosenversicherung und ein Eurozonenbudget sowie Mindeststeuersätze für bestimmte Einnahmen. Und als ob das alles noch nicht ausreicht, wird jetzt eifrig daran gearbeitet, die EU mit eigenem Steuererhebungsrecht auszustatten, mit sonstigen Eigenmitteln auszustatten und ihr zum Beispiel die CO2—Steuer zuzubilligen oder die EU—Autobahnvignette. Die Briten haben noch nicht mal einen Fuß aus der EU gesetzt und schon denken hier viele daran, den EU—Superstaat jetzt mit besonderer Intensität durchzusetzen. Ich habe den Eindruck, Sie haben nichts gelernt, Sie wollen nichts lernen, Sie haben nichts gelernt und vermutlich werden Sie auch nichts lernen: Die Menschen wollen das nicht; die nächsten Referenden werden das zum Glück zeigen.",Frau Präsidentin  Aus dem Brexit hat hier offenbar niemand etwas gelernt  Diese Woche kommen die deutsche Regierung und Frankreich mit der tollen neuen Idee einer EU—Armee mit EU—Militärforschung und EU—Budget  Die Kommission plant die EU—Arbeitslosenversicherung und ein Eurozonenbudget sowie Mindeststeuersätze für bestimmte Einnahmen  Und als ob das alles noch nicht ausreicht  wird jetzt eifrig daran gearbeitet  die EU mit eigenem Steuererhebungsrecht auszustatten  mit sonstigen Eigenmitteln auszustatten und ihr zum Beispiel die CO2—Steuer zuzubilligen oder die EU—Autobahnvignette  Die Briten haben noch nicht mal einen Fuß aus der EU gesetzt und schon denken hier viele daran  den EU—Superstaat jetzt mit besonderer Intensität durchzusetzen  Ich habe den Eindruck  Sie haben nichts gelernt  Sie wollen nichts lernen  Sie haben nichts gelernt und vermutlich werden Sie auch nichts lernen  Die Menschen wollen das nicht  die nächsten Referenden werden das zum Glück zeigen,137
542,eu8_140585,Beatrix von Storch,2016-07-06,"Den Beschluss über Abänderungen des Europäischen Parlaments vom 6. Juli 2016 zu dem Vorschlag für eine Verordnung des Europäischen Parlaments und des Rates zur Festlegung eines Rahmens für die Energieeffizienzkennzeichnung und zur Aufhebung der Richtlinie 2010/30/EU habe ich nicht mitgetragen. Die Idee der Energieeffizienzkennzeichnung ist eine aus der Klimaschutzpolitik geborene Idee und ist eine entscheidende Komponente im Rahmen der Klimaschutz- und Energiepolitik der EU, durch welche die Dämpfung der Energienachfrage und die Begrenzung der Treibhausgasemissionen bewirkt werden soll. Vor dem Hintergrund der Skepsis der AfD gegenüber der Klima- und CO2-Politik trage ich die Motivation dazu nicht mit und lehne paternalistische Regulierungen dieser Art ab. Es ist kein Zeichen für zivilisatorischen Fortschritt, wenn die Politik den Bürger zu niedrigerem Energieverbrauch erziehen will.",Den Beschluss über Abänderungen des Europäischen Parlaments vom 6   Juli 2016 zu dem Vorschlag für eine Verordnung des Europäischen Parlaments und des Rates zur Festlegung eines Rahmens für die Energieeffizienzkennzeichnung und zur Aufhebung der Richtlinie 2010  30  EU habe ich nicht mitgetragen  Die Idee der Energieeffizienzkennzeichnung ist eine aus der Klimaschutzpolitik geborene Idee und ist eine entscheidende Komponente im Rahmen der Klimaschutz und Energiepolitik der EU  durch welche die Dämpfung der Energienachfrage und die Begrenzung der Treibhausgasemissionen bewirkt werden soll  Vor dem Hintergrund der Skepsis der AfD gegenüber der Klima und CO2Politik trage ich die Motivation dazu nicht mit und lehne paternalistische Regulierungen dieser Art ab  Es ist kein Zeichen für zivilisatorischen Fortschritt  wenn die Politik den Bürger zu niedrigerem Energieverbrauch erziehen will,123
543,eu8_142301,Beatrix von Storch,2016-07-06,"Ich habe für die Entschließung gestimmt. Der Schutz des Wals ist wichtig. Wenn Japan internationalen Verpflichtungen zum Schutz von Meeressäugetieren beigetreten ist, dann muss Japan diese Verpflichtungen auch erfüllen.",Ich habe für die Entschließung gestimmt  Der Schutz des Wals ist wichtig  Wenn Japan internationalen Verpflichtungen zum Schutz von Meeressäugetieren beigetreten ist  dann muss Japan diese Verpflichtungen auch erfüllen,29
544,eu8_143161,Beatrix von Storch,2016-07-05,Ich habe für das Abkommen zwischen der Europäischen Union und Peru über die Befreiung von der Visumpflicht für Kurzaufenthalte gestimmt.,Ich habe für das Abkommen zwischen der Europäischen Union und Peru über die Befreiung von der Visumpflicht für Kurzaufenthalte gestimmt,20
545,eu8_143600,Beatrix von Storch,2016-07-05,"Nach alledem muss ich nicht einmal auf die Blüten des Berichts – wie etwa die Forderung, dass Kunst als Integrationsinstrument besser gefördert werden sollte und die Teilnahme von Flüchtlingen an künstlerischen Aktivitäten vereinfacht und unterstützt werden sollte – zurückgreifen, um den Bericht abzulehnen.",Nach alledem muss ich nicht einmal auf die Blüten des Berichts – wie etwa die Forderung  dass Kunst als Integrationsinstrument besser gefördert werden sollte und die Teilnahme von Flüchtlingen an künstlerischen Aktivitäten vereinfacht und unterstützt werden sollte – zurückgreifen  um den Bericht abzulehnen,43
546,eu8_144041,Beatrix von Storch,2016-07-05,"Dieses System ist nicht neu, sondern nach meinem Dafürhalten derzeit – das mag sich ändern – nicht mehr als die bisherigen Schiedsgerichte unter neuer Etikettierung.",Dieses System ist nicht neu  sondern nach meinem Dafürhalten derzeit – das mag sich ändern – nicht mehr als die bisherigen Schiedsgerichte unter neuer Etikettierung,25
547,eu8_144697,Beatrix von Storch,2016-07-04,"Die Lehre aus dem Brexit muss sein: weniger EU, weniger Euro, mehr Subsidiarität – auch und vor allem für den Arbeitsmarkt.",Die Lehre aus dem Brexit muss sein  weniger EU  weniger Euro  mehr Subsidiarität – auch und vor allem für den Arbeitsmarkt,21
548,eu8_147244,Beatrix von Storch,2016-06-22,"Räumen wir Erdoğans Kasernen auf, wenn sie Kasernen sind, und entwaffnen wir seine Soldaten, wenn sie Soldaten sind!",Räumen wir Erdoğans Kasernen auf  wenn sie Kasernen sind  und entwaffnen wir seine Soldaten  wenn sie Soldaten sind,18
549,eu8_148614,Beatrix von Storch,2016-06-08,Ich habe für das Abkommen zwischen der Europäischen Union und der Republik Palau über die Befreiung von der Visumpflicht für Kurzaufenthalte gestimmt.,Ich habe für das Abkommen zwischen der Europäischen Union und der Republik Palau über die Befreiung von der Visumpflicht für Kurzaufenthalte gestimmt,22
550,eu8_149701,Beatrix von Storch,2016-06-08,Bei der Abstimmung über die legislative Entschließung des Europäischen Parlaments vom 8. Juni 2016 zu dem Entwurf eines Beschlusses des Rates über den Abschluss – im Namen der Europäischen Union und ihrer Mitgliedstaaten – des Protokolls zum Rahmenabkommen über Partnerschaft und Zusammenarbeit zwischen der Europäischen Union und ihren Mitgliedstaaten einerseits und der Republik der Philippinen andererseits anlässlich des Beitritts der Republik Kroatien zur Europäischen Union habe ich mich enthalten.,Bei der Abstimmung über die legislative Entschließung des Europäischen Parlaments vom 8   Juni 2016 zu dem Entwurf eines Beschlusses des Rates über den Abschluss – im Namen der Europäischen Union und ihrer Mitgliedstaaten – des Protokolls zum Rahmenabkommen über Partnerschaft und Zusammenarbeit zwischen der Europäischen Union und ihren Mitgliedstaaten einerseits und der Republik der Philippinen andererseits anlässlich des Beitritts der Republik Kroatien zur Europäischen Union habe ich mich enthalten,69
551,eu8_150713,Beatrix von Storch,2016-06-08,"Den Bericht des Europäischen Parlaments über Raumfahrtfähigkeiten für die europäische Sicherheit und Verteidigung habe ich abgelehnt. Er rekurriert auf die Gemeinsame Sicherheits- und Verteidigungspolitik der EU, die ich ablehne. Die EU ist schon nicht in der Lage, eine kohärente Strategie am Boden zu entwickeln. Ein Weltraumprogramm bände vor allem finanzielle Kapazitäten, ohne dass daraus ein sicherheitspolitischer Mehrwert entsteht. Im Gegenteil, die EU würde sich zu einem Akteur entwickeln, der die Mitgliedstaaten nicht schützt, sondern einem größeren sicherheitspolitischen Risiko aussetzt.",Den Bericht des Europäischen Parlaments über Raumfahrtfähigkeiten für die europäische Sicherheit und Verteidigung habe ich abgelehnt  Er rekurriert auf die Gemeinsame Sicherheits und Verteidigungspolitik der EU  die ich ablehne  Die EU ist schon nicht in der Lage  eine kohärente Strategie am Boden zu entwickeln  Ein Weltraumprogramm bände vor allem finanzielle Kapazitäten  ohne dass daraus ein sicherheitspolitischer Mehrwert entsteht  Im Gegenteil  die EU würde sich zu einem Akteur entwickeln  der die Mitgliedstaaten nicht schützt  sondern einem größeren sicherheitspolitischen Risiko aussetzt,79
552,eu8_151174,Beatrix von Storch,2016-06-08,Dem gemeinsamen Entschließungsantrag des Europäischen Parlaments zu Chemikalien mit endokriner Wirkung und zum aktuellen Stand der Dinge nach dem Urteil des Gerichts vom 16. Dezember 2015 (2016/2747(RSP)) habe ich zugestimmt. Die Kommission sollte spätestens bis zum 13. Dezember 2013 delegierte Rechtsakte zur Festlegung wissenschaftlicher Kriterien zur Bestimmung der endokrinschädigenden Eigenschaften von Wirkstoffen und Biozidprodukten erlassen und hat dies nicht getan. Die Kritik an der Kommission ist richtig.,Dem gemeinsamen Entschließungsantrag des Europäischen Parlaments zu Chemikalien mit endokriner Wirkung und zum aktuellen Stand der Dinge nach dem Urteil des Gerichts vom 16   Dezember 2015  2016  2747RSP   habe ich zugestimmt  Die Kommission sollte spätestens bis zum 13   Dezember 2013 delegierte Rechtsakte zur Festlegung wissenschaftlicher Kriterien zur Bestimmung der endokrinschädigenden Eigenschaften von Wirkstoffen und Biozidprodukten erlassen und hat dies nicht getan  Die Kritik an der Kommission ist richtig,68
553,eu8_152206,Beatrix von Storch,2016-06-07,"Ich habe für die Vorlage gestimmt. Die Annahme einheitlicher technischer Vorschriften für Radfahrzeuge, Ausrüstungsgegenstände und Teile, die in Radfahrzeugen eingebaut und/oder verwendet werden können, und die Bedingungen für die gegenseitige Anerkennung von Genehmigungen, die nach diesen Vorschriften erteilt wurden, machen im Rahmen des Binnenmarkts durchaus Sinn.",Ich habe für die Vorlage gestimmt  Die Annahme einheitlicher technischer Vorschriften für Radfahrzeuge  Ausrüstungsgegenstände und Teile  die in Radfahrzeugen eingebaut und  oder verwendet werden können  und die Bedingungen für die gegenseitige Anerkennung von Genehmigungen  die nach diesen Vorschriften erteilt wurden  machen im Rahmen des Binnenmarkts durchaus Sinn,47
554,eu8_154145,Beatrix von Storch,2016-06-07,"Unlautere Handelspraktiken sind ein ernsthaftes Problem, das viele Wirtschaftszweige betrifft. Deswegen haben die Mitgliedstaaten seit langer Zeit nationalstaatliche Gesetze erlassen, um unlautere Handelspraktiken gerichtlich zu bestrafen oder durch außergerichtliche Streitbeilegung zu beenden. Nun soll die EU tätig werden. Ein konkreter Mehrwert für eine von der Kommission initiierte EU-weite Aktion geht jedoch aus dem Entschließungstext nicht hervor. Darum stimme ich dagegen.",Unlautere Handelspraktiken sind ein ernsthaftes Problem  das viele Wirtschaftszweige betrifft  Deswegen haben die Mitgliedstaaten seit langer Zeit nationalstaatliche Gesetze erlassen  um unlautere Handelspraktiken gerichtlich zu bestrafen oder durch außergerichtliche Streitbeilegung zu beenden  Nun soll die EU tätig werden  Ein konkreter Mehrwert für eine von der Kommission initiierte EUweite Aktion geht jedoch aus dem Entschließungstext nicht hervor  Darum stimme ich dagegen,60
555,eu8_154521,Beatrix von Storch,2016-06-07,Die Verbesserung von Innovation und wirtschaftlicher Entwicklung bei der künftigen Verwaltung europäischer landwirtschaftlicher Betriebe ist eine unbestreitbare Notwendigkeit. Die Entschließung eines EU-Parlaments kann jedoch nicht die notwendigen landwirtschaftlichen und betriebswirtschaftlichen Entscheidungen der einzelnen Landwirte in 28 Mitgliedstaaten vorzeichnen. Deswegen habe ich gegen diesen Text gestimmt. Er hat keinen Mehrwert.,Die Verbesserung von Innovation und wirtschaftlicher Entwicklung bei der künftigen Verwaltung europäischer landwirtschaftlicher Betriebe ist eine unbestreitbare Notwendigkeit  Die Entschließung eines EUParlaments kann jedoch nicht die notwendigen landwirtschaftlichen und betriebswirtschaftlichen Entscheidungen der einzelnen Landwirte in 28 Mitgliedstaaten vorzeichnen  Deswegen habe ich gegen diesen Text gestimmt  Er hat keinen Mehrwert,49
556,eu8_156353,Beatrix von Storch,2016-05-26,"Den Bericht des Europäischen Parlaments über verbesserte Möglichkeiten für Energieverbraucher habe ich abgelehnt. Der Bericht fordert eine Wirtschaft, die ausschließlich auf erneuerbaren Energien beruht. Weiterhin verlangt der Bericht, dass die EU-Klimaziele das von dem im Übereinkommen von Paris vorgesehene 1,5-Grad-Ziel erreichen. Das Klima wandelt sich, solange die Erde existiert. Die Klimaschutzpolitik beruht auf untauglichen Computer–Modellen des IPCC („Weltklimarat“). Kohlendioxid (CO2) ist kein Schadstoff, sondern ein unverzichtbarer Bestandteil allen Lebens.",Den Bericht des Europäischen Parlaments über verbesserte Möglichkeiten für Energieverbraucher habe ich abgelehnt  Der Bericht fordert eine Wirtschaft  die ausschließlich auf erneuerbaren Energien beruht  Weiterhin verlangt der Bericht  dass die EUKlimaziele das von dem im Übereinkommen von Paris vorgesehene 15GradZiel erreichen  Das Klima wandelt sich  solange die Erde existiert  Die Klimaschutzpolitik beruht auf untauglichen Computer–Modellen des IPCC  „ Weltklimarat “   Kohlendioxid  CO2  ist kein Schadstoff  sondern ein unverzichtbarer Bestandteil allen Lebens,71
557,eu8_157799,Beatrix von Storch,2016-05-12,"Den Entschließungsantrag des Europäischen Parlaments zur Rückverfolgbarkeit von Fischerei- und Aquakulturerzeugnissen in Restaurants und im Einzelhandel habe ich abgelehnt. Es gibt keine Notwendigkeit, Überwachungsmaßnahmen entlang der Lieferungs- und Wertschöpfungskette für Fische und ähnliche Produkte einzurichten. Es wäre zudem nicht Aufgabe der EU.",Den Entschließungsantrag des Europäischen Parlaments zur Rückverfolgbarkeit von Fischerei und Aquakulturerzeugnissen in Restaurants und im Einzelhandel habe ich abgelehnt  Es gibt keine Notwendigkeit  Überwachungsmaßnahmen entlang der Lieferungs und Wertschöpfungskette für Fische und ähnliche Produkte einzurichten  Es wäre zudem nicht Aufgabe der EU,42
558,eu8_161361,Beatrix von Storch,2016-05-10,Eine Erhebung statistischer Daten ist der erste Schritt zur Mikrosteuerung der Wirtschaft abweichend von ordoliberalen Grundsätzen.,Eine Erhebung statistischer Daten ist der erste Schritt zur Mikrosteuerung der Wirtschaft abweichend von ordoliberalen Grundsätzen,16
559,eu8_164101,Beatrix von Storch,2016-04-28,"Ich lehne eine höhere Finanzierung von Dienstreisen nach Straßburg ab, da ich für die Abschaffung des zweiten Sitzes des EU-Parlaments bin und mich auch klar gegen mehr Ausgaben der EU ausspreche.",Ich lehne eine höhere Finanzierung von Dienstreisen nach Straßburg ab  da ich für die Abschaffung des zweiten Sitzes des EUParlaments bin und mich auch klar gegen mehr Ausgaben der EU ausspreche,31
560,eu8_165280,Beatrix von Storch,2016-04-28,"Den Bericht des Europäischen Parlaments über die Entlastung für die Ausführung des Haushaltsplans der dezentralen Einrichtungen der Europäischen Union für das Haushaltsjahr 2014: Leistung, Haushaltsführung und Kontrolle habe ich abgelehnt. Ich lehne EU-Agenturen grundsätzlich ab. EU-Agenturen sind nicht nur in den allermeisten Fällen eine Verschwendung von Geld der Steuerzahler, sondern auch ein Anzeichen für eine Überschreitung der Kompetenzen der EU und eine Verletzung des Subsidiaritätsprinzips. Ich will nicht mehr EU, sondern weniger – also auch nicht mehr Agenturen und mehr Geld für die EU, sondern weniger.",Den Bericht des Europäischen Parlaments über die Entlastung für die Ausführung des Haushaltsplans der dezentralen Einrichtungen der Europäischen Union für das Haushaltsjahr 2014  Leistung  Haushaltsführung und Kontrolle habe ich abgelehnt  Ich lehne EUAgenturen grundsätzlich ab  EUAgenturen sind nicht nur in den allermeisten Fällen eine Verschwendung von Geld der Steuerzahler  sondern auch ein Anzeichen für eine Überschreitung der Kompetenzen der EU und eine Verletzung des Subsidiaritätsprinzips  Ich will nicht mehr EU  sondern weniger – also auch nicht mehr Agenturen und mehr Geld für die EU  sondern weniger,86
561,eu8_171461,Beatrix von Storch,2016-04-14,"Wir reden heute über die Verwirklichung des Ziels der Armutsbekämpfung in Anbetracht der steigenden Haushaltskosten. Ich sag nur: Allen ginge es besser, wenn sich weniger Politiker Gedanken um die Armutsbekämpfung machen würden. Wodurch kommen denn steigende Haushaltskosten zustande? Der Strom ist durch die Energiewende unbezahlbar, die Mehrwertsteuersätze kennen nur eine Richtung: nach oben. Und die Zahl der unnötigen Staatsleistungen nimmt zu – ich denke da nur an die GEZ, also die Kosten für unverlangt produziertes Staatsfernsehen. All das müssen Haushalte bezahlen, weil sich Politiker darüber Gedanken gemacht haben, was der Staat noch leisten könnte. Nun darüber nachzudenken, warum die Kosten der Haushalte steigen, ist schlechtestenfalls heuchlerisch, bestenfalls blind gegenüber dem eigenen Tun. Lassen wir die Menschen selber entscheiden, schnallen wir den Gürtel des Staats enger – und das so schnell wie möglich. Sparen wir bei den Beamten ein, fahren wir die Ausgaben zurück.",Wir reden heute über die Verwirklichung des Ziels der Armutsbekämpfung in Anbetracht der steigenden Haushaltskosten  Ich sag nur  Allen ginge es besser  wenn sich weniger Politiker Gedanken um die Armutsbekämpfung machen würden  Wodurch kommen denn steigende Haushaltskosten zustande  Der Strom ist durch die Energiewende unbezahlbar  die Mehrwertsteuersätze kennen nur eine Richtung  nach oben  Und die Zahl der unnötigen Staatsleistungen nimmt zu – ich denke da nur an die GEZ  also die Kosten für unverlangt produziertes Staatsfernsehen  All das müssen Haushalte bezahlen  weil sich Politiker darüber Gedanken gemacht haben  was der Staat noch leisten könnte  Nun darüber nachzudenken  warum die Kosten der Haushalte steigen  ist schlechtestenfalls heuchlerisch  bestenfalls blind gegenüber dem eigenen Tun  Lassen wir die Menschen selber entscheiden  schnallen wir den Gürtel des Staats enger – und das so schnell wie möglich  Sparen wir bei den Beamten ein  fahren wir die Ausgaben zurück,143
562,eu8_173056,Beatrix von Storch,2016-04-14,"Schließlich müssen diese Regeln auch nicht durch die EU vereinheitlicht werden, sodass hier ein Verstoß gegen das Subsidiaritätsprinzip vorliegt. Es ist wirklich überflüssig, dass die Kommission hier Dinge wie eine Agenda für nachhaltige Entwicklung nach 2030 erdenkt.",Schließlich müssen diese Regeln auch nicht durch die EU vereinheitlicht werden  sodass hier ein Verstoß gegen das Subsidiaritätsprinzip vorliegt  Es ist wirklich überflüssig  dass die Kommission hier Dinge wie eine Agenda für nachhaltige Entwicklung nach 2030 erdenkt,37
563,eu8_179615,Beatrix von Storch,2016-03-10,"Der Entschließung des EU-Parlaments zu dem Vorschlag für eine Verordnung des Europäischen Parlaments und des Rates zur Einführung dringender autonomer Handelsmaßnahmen für die Tunesische Republik habe ich zugestimmt. Die Prüfung befristeter Sondermaßnahmen zur Unterstützung der tunesischen Wirtschaft begrüße ich, insofern damit Handelserleichterungen geschaffen werden. Ich bedauere, dass in Bezug auf Olivenöl die Interessen von Produzenten innerhalb der EU zum Schaden der Verbraucher protektionistisch geschützt werden sollen.",Der Entschließung des EUParlaments zu dem Vorschlag für eine Verordnung des Europäischen Parlaments und des Rates zur Einführung dringender autonomer Handelsmaßnahmen für die Tunesische Republik habe ich zugestimmt  Die Prüfung befristeter Sondermaßnahmen zur Unterstützung der tunesischen Wirtschaft begrüße ich  insofern damit Handelserleichterungen geschaffen werden  Ich bedauere  dass in Bezug auf Olivenöl die Interessen von Produzenten innerhalb der EU zum Schaden der Verbraucher protektionistisch geschützt werden sollen,66
564,eu8_182644,Beatrix von Storch,2016-03-08,"Eine wunderbare Frage, die genau darauf hinweist. Wir haben hier diese Debatte auch auf den Weltfrauentag gelegt, und wir sehen, wie groß das Interesse ist, wie viele Frauen hier sind: fast keine. Das Plenum ist so gut wie leer, das Interesse an diesem Tag scheint riesig zu sein.",Eine wunderbare Frage  die genau darauf hinweist  Wir haben hier diese Debatte auch auf den Weltfrauentag gelegt  und wir sehen  wie groß das Interesse ist  wie viele Frauen hier sind  fast keine  Das Plenum ist so gut wie leer  das Interesse an diesem Tag scheint riesig zu sein,48
565,eu8_184024,Beatrix von Storch,2016-03-08,"Es ist so unfassbar, dass man es vor den nächsten Wahlen noch mal in Erinnerung rufen muss. Ein alternativer Entschließungsantrag wurde vom Solisten der Familienpartei vorgelegt. Niemand nahm diesen Antrag zur Kenntnis, nicht einmal die Kollegen der eigenen Fraktion, und er ging krachend verloren. Aber so ist das, wenn man sich mehr damit beschäftigt, vor den Landtagswahlen Stimmung gegen die AfD in der eigenen Fraktion zu machen, und offensichtlich nicht über die notwendige Unterstützung in der Zivilgesellschaft verfügt.",Es ist so unfassbar  dass man es vor den nächsten Wahlen noch mal in Erinnerung rufen muss  Ein alternativer Entschließungsantrag wurde vom Solisten der Familienpartei vorgelegt  Niemand nahm diesen Antrag zur Kenntnis  nicht einmal die Kollegen der eigenen Fraktion  und er ging krachend verloren  Aber so ist das  wenn man sich mehr damit beschäftigt  vor den Landtagswahlen Stimmung gegen die AfD in der eigenen Fraktion zu machen  und offensichtlich nicht über die notwendige Unterstützung in der Zivilgesellschaft verfügt,78
566,eu8_184372,Beatrix von Storch,2016-03-08,"Wir können diesen Menschen nicht allen bei uns helfen; wir müssen vor Ort helfen, und zwar sofort.",Wir können diesen Menschen nicht allen bei uns helfen  wir müssen vor Ort helfen  und zwar sofort,17
567,eu8_190700,Beatrix von Storch,2016-02-03,"Die EU sollte hier keinerlei Kompetenz haben, weil diese – besser als an diesem Fall kann man es kaum erkennen – als Vehikel dazu benutzt wird, Deutschlands Automobilindustrie zu schaden.",Die EU sollte hier keinerlei Kompetenz haben  weil diese – besser als an diesem Fall kann man es kaum erkennen – als Vehikel dazu benutzt wird  Deutschlands Automobilindustrie zu schaden,30
568,eu8_193591,Beatrix von Storch,2016-02-01,"Ihre Politik löst die Probleme nicht und schadet den kleinen Leuten, das ist ungerecht und unsozial. Hören Sie damit auf, das wäre ein Dienst an Europa!",Ihre Politik löst die Probleme nicht und schadet den kleinen Leuten  das ist ungerecht und unsozial  Hören Sie damit auf  das wäre ein Dienst an Europa,26
569,eu8_193791,Beatrix von Storch,2016-02-01,"Es ist wichtig, dass wir Maßnahmen einbringen, die den Verlust von biologischer Vielfalt mindern. Meinem Kollegen Mark Demesmaeker danke ich sehr, dass er dieses Ziel vorbildlich erreicht und dafür Mehrheiten gefunden hat. Zählen Sie auch mich zu den Unterstützern.",Es ist wichtig  dass wir Maßnahmen einbringen  die den Verlust von biologischer Vielfalt mindern  Meinem Kollegen Mark Demesmaeker danke ich sehr  dass er dieses Ziel vorbildlich erreicht und dafür Mehrheiten gefunden hat  Zählen Sie auch mich zu den Unterstützern,39
570,eu8_194566,Beatrix von Storch,2016-01-21,"Erneut handelt die EU in einer Notlage nur in ihrem eigenen Interesse weiteren Macht- und Kompetenzerwerbs. Doch die EU ist kein Militärbündnis, sonst wäre das neutrale Österreich nicht Mitglied geworden. Diese Krise darf nicht für Eine Militarisierung der EU genutzt werden.",Erneut handelt die EU in einer Notlage nur in ihrem eigenen Interesse weiteren Macht und Kompetenzerwerbs  Doch die EU ist kein Militärbündnis  sonst wäre das neutrale Österreich nicht Mitglied geworden  Diese Krise darf nicht für Eine Militarisierung der EU genutzt werden,41
571,eu8_194883,Beatrix von Storch,2016-01-21,"Erneut handelt die EU in einer Notlage nur in ihrem eigenen Interesse weiteren Macht- und Kompetenzerwerbs. Doch die EU ist kein Militärbündnis, sonst wäre das neutrale Österreich nicht Mitglied geworden. Diese Krise darf nicht für Eine Militarisierung der EU genutzt werden.",Erneut handelt die EU in einer Notlage nur in ihrem eigenen Interesse weiteren Macht und Kompetenzerwerbs  Doch die EU ist kein Militärbündnis  sonst wäre das neutrale Österreich nicht Mitglied geworden  Diese Krise darf nicht für Eine Militarisierung der EU genutzt werden,41
572,eu8_195407,Beatrix von Storch,2016-01-20,"Es erschließt sich mir nicht, warum eine absolute Selbstverständlichkeit durch EU-Recht noch erzwungen werden muss.",Es erschließt sich mir nicht  warum eine absolute Selbstverständlichkeit durch EURecht noch erzwungen werden muss,15
573,eu8_196114,Beatrix von Storch,2016-01-20,Deshalb sollte das Parlament hier proaktiv von seinen Rechten Gebrauch machen und der Kommission auch Kleinigkeiten nicht durchgehen lassen.,Deshalb sollte das Parlament hier proaktiv von seinen Rechten Gebrauch machen und der Kommission auch Kleinigkeiten nicht durchgehen lassen,19
574,eu8_197706,Beatrix von Storch,2016-01-19,"Für mich ist dies zu viel, als dass ich meiner Fraktion folgen und zustimmen könnte.",Für mich ist dies zu viel  als dass ich meiner Fraktion folgen und zustimmen könnte,15
575,eu8_197944,Beatrix von Storch,2016-01-19,"Nicht nur bedeutet er eine Überschreitung der Kompetenzen der EU, sondern auch eine Beleidigung für alle Frauen und Männer. Ein klares Nein von mir.",Nicht nur bedeutet er eine Überschreitung der Kompetenzen der EU  sondern auch eine Beleidigung für alle Frauen und Männer  Ein klares Nein von mir,24
576,eu8_198453,Beatrix von Storch,2016-01-19,"Völlig daneben ist die Diagnose, dass es „Fälle von Marktversagen“ gebe, in denen die Mittel der öffentlichen Hand dazu genutzt werden sollen, „um öffentliche WLAN-Netze in größeren und kleineren Kommunen zu fördern“. Ich lehne zudem die Einrichtung einer „EU-Meldestelle für Internetinhalte“ ab, gleich welche Inhalte dorthin gemeldet werden sollen. Im Ergebnis ist mir ein zersplitterter digitaler Markt lieber als einer, den die EU nach ihren Vorstellungen harmonisiert. Viel Gutes kann daraus nicht entstehen.",Völlig daneben ist die Diagnose  dass es „ Fälle von Marktversagen “ gebe  in denen die Mittel der öffentlichen Hand dazu genutzt werden sollen  „ um öffentliche WLANNetze in größeren und kleineren Kommunen zu fördern “  Ich lehne zudem die Einrichtung einer „ EUMeldestelle für Internetinhalte “ ab  gleich welche Inhalte dorthin gemeldet werden sollen  Im Ergebnis ist mir ein zersplitterter digitaler Markt lieber als einer  den die EU nach ihren Vorstellungen harmonisiert  Viel Gutes kann daraus nicht entstehen,79
577,eu8_198486,Beatrix von Storch,2016-01-19,"Frau Lunacek, eine ganz kurze Frage zwischen Österreich und Deutschland. Wann, ab welcher Anzahl von Migranten ist Deutschland Ihrer Meinung nach berechtigt, seine Grenzen zu schützen? Wie viele Migranten muss Deutschland aufnehmen, in Zahlen ausgedrückt, gerundet auf Millionen?",Frau Lunacek  eine ganz kurze Frage zwischen Österreich und Deutschland  Wann  ab welcher Anzahl von Migranten ist Deutschland Ihrer Meinung nach berechtigt  seine Grenzen zu schützen  Wie viele Migranten muss Deutschland aufnehmen  in Zahlen ausgedrückt  gerundet auf Millionen,38
578,eu8_198848,Marcus Pretzell,2016-01-18,"Aber wie es der Kollege Belet schon richtig sagte: Er sprach von der intelligenten Automobilindustrie, von der intelligenten EU-Kommission hat hier noch kaum jemand gesprochen.",Aber wie es der Kollege Belet schon richtig sagte  Er sprach von der intelligenten Automobilindustrie  von der intelligenten EUKommission hat hier noch kaum jemand gesprochen,25
579,eu8_202599,Marcus Pretzell,2015-12-15,"Wer von Ihnen träumt nicht von der Sozial- und Steuerunion, kritisiert Konjunkturprogramme und verabschiedet einen Juncker-Taschenspielertrick mit 315 Milliarden Euro? Dann seien Sie doch endlich für freien Währungswettbewerb! Beenden Sie die zentrale Herrschaft, die planwirtschaftliche Herrschaft der Zentralbanken! Lesen Sie Ihren Hayek doch einmal! Dann werden Sie feststellen, dass die Lösung freies Marktgeld bedeutet. Das wäre liberal. Der Euro ist wettbewerbswidrig, er ist unsozial, er ist etatistisch, und seine Praxis ist rechtsstaatswidrig!",Wer von Ihnen träumt nicht von der Sozial und Steuerunion  kritisiert Konjunkturprogramme und verabschiedet einen JunckerTaschenspielertrick mit 315   Milliarden Euro  Dann seien Sie doch endlich für freien Währungswettbewerb  Beenden Sie die zentrale Herrschaft  die planwirtschaftliche Herrschaft der Zentralbanken  Lesen Sie Ihren Hayek doch einmal  Dann werden Sie feststellen  dass die Lösung freies Marktgeld bedeutet  Das wäre liberal  Der Euro ist wettbewerbswidrig  er ist unsozial  er ist etatistisch  und seine Praxis ist rechtsstaatswidrig,72
580,eu8_210004,Beatrix von Storch,2015-11-25,"Hoffen wir, dass wenigstens der Rat sich einer weiteren Steuerkompetenzverlagerung auf die EU verweigert.",Hoffen wir  dass wenigstens der Rat sich einer weiteren Steuerkompetenzverlagerung auf die EU verweigert,14
581,eu8_210527,Beatrix von Storch,2015-11-25,Egal wie man zur Abtreibung steht – das ist der falsche Weg. Machen wir uns ehrlich in der Politik: Gewalt gegen Frauen lehnen wir alle ab.,Egal wie man zur Abtreibung steht – das ist der falsche Weg  Machen wir uns ehrlich in der Politik  Gewalt gegen Frauen lehnen wir alle ab,26
582,eu8_211105,Beatrix von Storch,2015-11-24,"Die deutsche Bundeskanzlerin Angela Merkel (CDU) hat auch im Hinblick auf den Schengen-Besitzstand wissentlich geltendes EU-Recht gebrochen und die derzeitige Asylkrise provoziert. Wozu sollen wir eigentlich noch über Rechtsakte abstimmen, wenn die CDU-CSU-SPD-geführte Bundesregierung diese EU-Rechtsakte sowieso missachtet?",Die deutsche Bundeskanzlerin Angela Merkel  CDU  hat auch im Hinblick auf den SchengenBesitzstand wissentlich geltendes EURecht gebrochen und die derzeitige Asylkrise provoziert  Wozu sollen wir eigentlich noch über Rechtsakte abstimmen  wenn die CDUCSUSPDgeführte Bundesregierung diese EURechtsakte sowieso missachtet,38
583,eu8_211593,Beatrix von Storch,2015-11-24,"Die Unterzeichnung dieses völkerrechtlichen Instruments wird es der EU ermöglichen, zu einem ordentlichen Mitglied der erweiterten CCSBT-Kommission zu werden, der sie bereits seit 2006 als kooperierendes Nichtmitglied angehört. Es bleibt jedoch kritisch zu beobachten, wie und ob sich die EU mit ihren berechtigten Forderungen gegen die permanente Überfischung von Thunfisch vor allem gegenüber Japan durchsetzen kann. Und dann warten wir mal ab, wann das Hohe Haus eine Entschließung für ein EU-weites Thunfischverzehrverbot vorlegen wird.",Die Unterzeichnung dieses völkerrechtlichen Instruments wird es der EU ermöglichen  zu einem ordentlichen Mitglied der erweiterten CCSBTKommission zu werden  der sie bereits seit 2006 als kooperierendes Nichtmitglied angehört  Es bleibt jedoch kritisch zu beobachten  wie und ob sich die EU mit ihren berechtigten Forderungen gegen die permanente Überfischung von Thunfisch vor allem gegenüber Japan durchsetzen kann  Und dann warten wir mal ab  wann das Hohe Haus eine Entschließung für ein EUweites Thunfischverzehrverbot vorlegen wird,74
584,eu8_212511,Beatrix von Storch,2015-11-24,Dieses Anliegen ist eine Leerbuchung und ein potenzieller Spaltpilz der Mitgliedstaaten.,Dieses Anliegen ist eine Leerbuchung und ein potenzieller Spaltpilz der Mitgliedstaaten,11
585,eu8_213031,Beatrix von Storch,2015-11-23,"Die Grenzen müssen kontrolliert werden, das ist das, was auch die CSU und Frau Hohlmeier nicht wollen, und da liegt der Hase im Pfeffer.",Die Grenzen müssen kontrolliert werden  das ist das  was auch die CSU und Frau Hohlmeier nicht wollen  und da liegt der Hase im Pfeffer,24
586,eu8_214852,Beatrix von Storch,2015-10-29,"In dieser Entschließung geht es um die grenzüberschreitende Zulassung von ferngesteuerten Luftfahrtsystemen wie beispielsweise Modellflugzeugen und Drohnen. Allerdings handelt es sich hier nicht um kleine, funkferngesteuerte Modellflugzeuge von Hobbybastlern, sondern um einen Teil der europäischen Flugindustrie. Drohnen können für militärische und professionelle Anwendungen oder zu Freizeitzwecken eingesetzt werden. Diese Anwendungsmöglichkeiten unterscheiden sich jedoch und sollten daher unterschiedlichen Auflagen innerhalb desselben EU-Rechtsrahmens unterliegen. Das ist verständlich und daher stimme ich dieser Entschließung zu.",In dieser Entschließung geht es um die grenzüberschreitende Zulassung von ferngesteuerten Luftfahrtsystemen wie beispielsweise Modellflugzeugen und Drohnen  Allerdings handelt es sich hier nicht um kleine  funkferngesteuerte Modellflugzeuge von Hobbybastlern  sondern um einen Teil der europäischen Flugindustrie  Drohnen können für militärische und professionelle Anwendungen oder zu Freizeitzwecken eingesetzt werden  Diese Anwendungsmöglichkeiten unterscheiden sich jedoch und sollten daher unterschiedlichen Auflagen innerhalb desselben EURechtsrahmens unterliegen  Das ist verständlich und daher stimme ich dieser Entschließung zu,72
587,eu8_216215,Beatrix von Storch,2015-10-28,"Zusammen mit meiner Fraktion, der EKR, habe ich für diesen Bericht zum Thema „Neuartige Lebensmittel“ gestimmt. Innerhalb des rechtlichen Rahmens der EU werden neuartige Lebensmittel als jene Lebensmittel definiert, die vor dem Jahr 1997 nicht in einem signifikanten Ausmaß in der EU verbraucht wurden. Der Bericht definiert einen geeigneten Rahmen für den Umgang mit neuartigen Lebensmitteln.",Zusammen mit meiner Fraktion  der EKR  habe ich für diesen Bericht zum Thema „ Neuartige Lebensmittel “ gestimmt  Innerhalb des rechtlichen Rahmens der EU werden neuartige Lebensmittel als jene Lebensmittel definiert  die vor dem Jahr 1997 nicht in einem signifikanten Ausmaß in der EU verbraucht wurden  Der Bericht definiert einen geeigneten Rahmen für den Umgang mit neuartigen Lebensmitteln,58
588,eu8_217094,Beatrix von Storch,2015-10-28,"Sie haben gerade die EU-Außengrenzen mit der DDR-Grenze verglichen. Ist Ihnen bewusst, dass die DDR-Grenze eine Grenze war, die die Menschen eingesperrt hat, so dass die Menschen nicht ausreisen konnten, und dass die EU-Außengrenzen die Menschen nicht an der Ausreise hindern, sondern an der Einreise? Sehen Sie, dass das etwas anderes ist oder ist das für Sie das Gleiche?",Sie haben gerade die EUAußengrenzen mit der DDRGrenze verglichen  Ist Ihnen bewusst  dass die DDRGrenze eine Grenze war  die die Menschen eingesperrt hat  so dass die Menschen nicht ausreisen konnten  und dass die EUAußengrenzen die Menschen nicht an der Ausreise hindern  sondern an der Einreise  Sehen Sie  dass das etwas anderes ist oder ist das für Sie das Gleiche,59
589,eu8_221040,Beatrix von Storch,2015-10-14,"Sie schadet dem Ruf dieses Hauses, sie gehört trockengelegt und strafrechtlich verurteilt und nicht hofiert.",Sie schadet dem Ruf dieses Hauses  sie gehört trockengelegt und strafrechtlich verurteilt und nicht hofiert,15
590,eu8_224840,Beatrix von Storch,2015-10-06,Mit dem Protokoll sollen Umsetzungslücken geschlossen und Fortschritte bei der Abwendung von Menschenhandel zum Zweck der Ausbeutung von Arbeitskräften sowie beim Schutz und der Entschädigung von Opfern von Zwangsarbeit erzielt werden.,Mit dem Protokoll sollen Umsetzungslücken geschlossen und Fortschritte bei der Abwendung von Menschenhandel zum Zweck der Ausbeutung von Arbeitskräften sowie beim Schutz und der Entschädigung von Opfern von Zwangsarbeit erzielt werden,31
591,eu8_225800,Beatrix von Storch,2015-10-06,"Ich lehne es ab, die bisher schon nur eingeschränkt sinnvollen EU-Regeln zur Herkunftskennzeichnung von Landwirtschaftsprodukten auf andere Sektoren auszudehnen. Die bisherigen Regeln für Landwirtschaftsprodukte sind nicht ehrlich und erlauben, dass Lübecker Marzipan nicht aus Lübeck und Schwarzwälder Schinken nicht aus dem Schwarzwald kommt. Es handelt sich also um eine legalisierte Verbraucherirreführung. Gleichzeitig wird Markenanwälten ein Spielfeld für ebenso sinnlose wie lukrative Prozesse eröffnet. Schlechte Regeln sind abzuschaffen. Sie auszudehnen ist ein großer Fehler.",Ich lehne es ab  die bisher schon nur eingeschränkt sinnvollen EURegeln zur Herkunftskennzeichnung von Landwirtschaftsprodukten auf andere Sektoren auszudehnen  Die bisherigen Regeln für Landwirtschaftsprodukte sind nicht ehrlich und erlauben  dass Lübecker Marzipan nicht aus Lübeck und Schwarzwälder Schinken nicht aus dem Schwarzwald kommt  Es handelt sich also um eine legalisierte Verbraucherirreführung  Gleichzeitig wird Markenanwälten ein Spielfeld für ebenso sinnlose wie lukrative Prozesse eröffnet  Schlechte Regeln sind abzuschaffen  Sie auszudehnen ist ein großer Fehler,73
592,eu8_226013,Beatrix von Storch,2015-10-06,"Früher oder später wird sich zeigen: Das Problem mit der Griechenland-Rettung ist, dass den Euro-Rettern irgendwann das Geld anderer Leute ausgehen wird.",Früher oder später wird sich zeigen  Das Problem mit der GriechenlandRettung ist  dass den EuroRettern irgendwann das Geld anderer Leute ausgehen wird,22
593,eu8_227055,Beatrix von Storch,2015-10-05,"Sie haben gesagt: „Es wird nicht investiert“ und „Es muss investiert werden – deswegen braucht es die Fonds.“ Haben Sie sich mal gefragt, warum nicht investiert wird? Warum geht keiner mit seinem Geld hin und investiert in Griechenland? Warum passiert das nicht? Sie stellen immer nur fest: „Es passiert nicht“, aber die Frage ist doch: Warum?",Sie haben gesagt  „ Es wird nicht investiert “ und „ Es muss investiert werden – deswegen braucht es die Fonds  “ Haben Sie sich mal gefragt  warum nicht investiert wird  Warum geht keiner mit seinem Geld hin und investiert in Griechenland  Warum passiert das nicht  Sie stellen immer nur fest  „ Es passiert nicht “  aber die Frage ist doch  Warum,62
594,eu8_230984,Beatrix von Storch,2015-09-09,"Das Dublin-Abkommen ist gescheitert und korrespondiert nicht in einer gesunden Weise mit dem Schengen-Übereinkommen. Mit Umsiedlungsquoten ist die Reisefreiheit in der EU nicht zu retten. Insbesondere Deutschland sollte davon Abstand nehmen, seinen europäischen Nachbarn im Osten wieder Ausländer ins Land zu schicken, die die nicht haben wollen.",Das DublinAbkommen ist gescheitert und korrespondiert nicht in einer gesunden Weise mit dem SchengenÜbereinkommen  Mit Umsiedlungsquoten ist die Reisefreiheit in der EU nicht zu retten  Insbesondere Deutschland sollte davon Abstand nehmen  seinen europäischen Nachbarn im Osten wieder Ausländer ins Land zu schicken  die die nicht haben wollen,47
595,eu8_233611,Beatrix von Storch,2015-09-08,"Mit Tradition hat das nichts zu tun, eher mit dem Wunschdenken geschichtsvergessener und geschichtsblinder EU-Parlamentarier. Sie wollen unsere Kultur abschaffen. Sie nennen es nur anders.",Mit Tradition hat das nichts zu tun  eher mit dem Wunschdenken geschichtsvergessener und geschichtsblinder EUParlamentarier  Sie wollen unsere Kultur abschaffen  Sie nennen es nur anders,25
596,eu8_234166,Beatrix von Storch,2015-09-07,"Eine ganz kurze Frage: Sie haben gesagt, Flüchtlinge sind willkommen. Gilt das sowohl für Kriegsflüchtlinge als auch für Armutsflüchtlinge uneingeschränkt? Und wenn ja, gibt es irgendeine Obergrenze, wo Sie sagen würden, das ist, was wir noch integrieren können, und das ist zu viel?",Eine ganz kurze Frage  Sie haben gesagt  Flüchtlinge sind willkommen  Gilt das sowohl für Kriegsflüchtlinge als auch für Armutsflüchtlinge uneingeschränkt  Und wenn ja  gibt es irgendeine Obergrenze  wo Sie sagen würden  das ist  was wir noch integrieren können  und das ist zu viel,43
597,eu8_234781,Beatrix von Storch,2015-07-09,"Doch die USA wie auch die EU brauchen weniger Regulierung, um wieder mehr Wettbewerb – vor allem durch kleine und mittlere Unternehmen – zuzulassen, mit dem die bürokratisch paralysierte Wirtschaft zu neuem Leben erweckt wird.",Doch die USA wie auch die EU brauchen weniger Regulierung  um wieder mehr Wettbewerb – vor allem durch kleine und mittlere Unternehmen – zuzulassen  mit dem die bürokratisch paralysierte Wirtschaft zu neuem Leben erweckt wird,35
598,eu8_235466,Beatrix von Storch,2015-07-09,"Steuerlich relevante Informationen darf das Finanzamt erheben – und schuldet dann Vertraulichkeit. Alles, was darüber hinausgeht, durchlöchert das Privateigentum und gehört nicht in eine Wirtschaftsordnung, die sich als marktwirtschaftlich bezeichnet.",Steuerlich relevante Informationen darf das Finanzamt erheben – und schuldet dann Vertraulichkeit  Alles  was darüber hinausgeht  durchlöchert das Privateigentum und gehört nicht in eine Wirtschaftsordnung  die sich als marktwirtschaftlich bezeichnet,30
599,eu8_236534,Beatrix von Storch,2015-07-09,"Der „Initiative für grüne Beschäftigung: Nutzung des Potenzials der grünen Wirtschaft zur Schaffung von Arbeitsplätzen“ habe ich nicht zugestimmt. Sie geht von der irrigen Annahme eines menschengemachten Klimawandels aus, dessen Folgen es durch politische Gestaltung zu bekämpfen gilt.",Der „ Initiative für grüne Beschäftigung  Nutzung des Potenzials der grünen Wirtschaft zur Schaffung von Arbeitsplätzen “ habe ich nicht zugestimmt  Sie geht von der irrigen Annahme eines menschengemachten Klimawandels aus  dessen Folgen es durch politische Gestaltung zu bekämpfen gilt,40
600,eu8_236701,Beatrix von Storch,2015-07-09,"Ein Staat, der durch erratische Steuervorschriften die wirtschaftliche Planung von Unternehmern erschwert, verhindert insbesondere das so wichtige Gedeihen kleiner und mittlerer Unternehmen. Die können sich nämlich keine Steuerberater leisten.",Ein Staat  der durch erratische Steuervorschriften die wirtschaftliche Planung von Unternehmern erschwert  verhindert insbesondere das so wichtige Gedeihen kleiner und mittlerer Unternehmen  Die können sich nämlich keine Steuerberater leisten,29
601,eu8_237639,Beatrix von Storch,2015-07-09,"Dies ist im Bestreben, starke Beziehungen zu den Ländern an den östlichen und südlichen Grenzen der Europäischen Union zu fördern, tragbar.",Dies ist im Bestreben  starke Beziehungen zu den Ländern an den östlichen und südlichen Grenzen der Europäischen Union zu fördern  tragbar,21
602,eu8_238506,Beatrix von Storch,2015-07-08,In vielen Teilen der Welt wäre damit viel gewonnen. Catch-the-eye-Verfahren,In vielen Teilen der Welt wäre damit viel gewonnen  CatchtheeyeVerfahren,10
603,eu8_240078,Beatrix von Storch,2015-07-07,"Die Entschließung des Europäischen Parlaments zu dem Entwurf des Berichtigungshaushaltsplans Nr. 1/2015: Europäischer Fonds für strategische Investitionen (EFSI) habe ich abgelehnt. Ich lehne den Juncker-Plan und sein Herzstück, den EFSI, ab. Der EFSI widerspricht ökonomischer Vernunft und ist deshalb irreparabel beschädigt. Ich habe dem EFSI nicht zugestimmt und werde auch keinen haushalterischen Schritten meine Zustimmung geben, mit denen er letztendlich ins Leben gerufen wird.",Die Entschließung des Europäischen Parlaments zu dem Entwurf des Berichtigungshaushaltsplans Nr 1  2015  Europäischer Fonds für strategische Investitionen  EFSI  habe ich abgelehnt  Ich lehne den JunckerPlan und sein Herzstück  den EFSI  ab  Der EFSI widerspricht ökonomischer Vernunft und ist deshalb irreparabel beschädigt  Ich habe dem EFSI nicht zugestimmt und werde auch keinen haushalterischen Schritten meine Zustimmung geben  mit denen er letztendlich ins Leben gerufen wird,65
604,eu8_240794,Beatrix von Storch,2015-07-07,Morgen werden sie auch den gläsernen Bürger fordern. Ich lehne beides ab.,Morgen werden sie auch den gläsernen Bürger fordern  Ich lehne beides ab,12
605,eu8_241153,Marcus Pretzell,2015-07-06,"Kreislaufwirtschaft ist unbestritten ein vernünftiger Ansatz für eine effektivere Nutzbarmachung wertvoller Ressourcen. Deshalb verwundert es umso mehr, wenn staatliche Organe hier höchstselbst verhindernd wirken, indem sie zum Beispiel Genehmigungen für industrielle Anlagen verweigern, die für eine möglichst sortenreine Stofftrennung sorgen würden, die wiederum unabdingbare Voraussetzung für ein effektives Recycling teurer natürlicher Rohstoffe darstellt. Wie oft stehen eigentlich staatliche oder EU-Organe, Verordnungen mit ihrem Übermaß an Bürokratie einer effizienten Rohstoffnutzung und einem umweltschonenden Recycling im Wege? Meine Damen und Herren, müssen wir uns da nicht selbst den Spiegel vorhalten? Nein, so sieht Ressourcenschonung nicht aus.",Kreislaufwirtschaft ist unbestritten ein vernünftiger Ansatz für eine effektivere Nutzbarmachung wertvoller Ressourcen  Deshalb verwundert es umso mehr  wenn staatliche Organe hier höchstselbst verhindernd wirken  indem sie zum Beispiel Genehmigungen für industrielle Anlagen verweigern  die für eine möglichst sortenreine Stofftrennung sorgen würden  die wiederum unabdingbare Voraussetzung für ein effektives Recycling teurer natürlicher Rohstoffe darstellt  Wie oft stehen eigentlich staatliche oder EUOrgane  Verordnungen mit ihrem Übermaß an Bürokratie einer effizienten Rohstoffnutzung und einem umweltschonenden Recycling im Wege  Meine Damen und Herren  müssen wir uns da nicht selbst den Spiegel vorhalten  Nein  so sieht Ressourcenschonung nicht aus,94
606,eu8_242850,Beatrix von Storch,2015-06-10,"Dem Abschluss der Doha-Änderung des Protokolls von Kyoto habe ich meine Zustimmung verweigert. Mit dem 1997 unterzeichneten Protokoll von Kyoto zum Rahmenübereinkommen der Vereinten Nationen über Klimaänderungen wurde ein international verbindliches Emissionsreduktionsziel festgelegt. Mit der Doha-Änderung wird ein zweiter Verpflichtungszeitraum im Rahmen des Protokolls von Kyoto festgelegt, der am 1. Januar 2013 begann und am 31. Dezember 2020 endet und rechtsverbindliche Emissionsreduktionsverpflichtungen umfasst, denen zufolge die Europäische Union, ihre Mitgliedstaaten und Island verpflichtet sind, ihre durchschnittlichen jährlichen Treibhausgasemissionen im Zeitraum 2013–2020 auf 80 % ihrer Emissionen im Basisjahr (in den meisten Fällen 1990) zu begrenzen. Ich teile die diesem Abkommen zugrundeliegende Ideologie des menschengemachten Klimawandels nicht. Dementsprechend habe ich die Vertragsänderung abgelehnt.",Dem Abschluss der DohaÄnderung des Protokolls von Kyoto habe ich meine Zustimmung verweigert  Mit dem 1997 unterzeichneten Protokoll von Kyoto zum Rahmenübereinkommen der Vereinten Nationen über Klimaänderungen wurde ein international verbindliches Emissionsreduktionsziel festgelegt  Mit der DohaÄnderung wird ein zweiter Verpflichtungszeitraum im Rahmen des Protokolls von Kyoto festgelegt  der am 1   Januar 2013 begann und am 31   Dezember 2020 endet und rechtsverbindliche Emissionsreduktionsverpflichtungen umfasst  denen zufolge die Europäische Union  ihre Mitgliedstaaten und Island verpflichtet sind  ihre durchschnittlichen jährlichen Treibhausgasemissionen im Zeitraum 2013–2020 auf 80    ihrer Emissionen im Basisjahr  in den meisten Fällen 1990  zu begrenzen  Ich teile die diesem Abkommen zugrundeliegende Ideologie des menschengemachten Klimawandels nicht  Dementsprechend habe ich die Vertragsänderung abgelehnt,111
607,eu8_243642,Beatrix von Storch,2015-06-10,"Der Entschließung des Parlaments der EU zu der europäischen Strategie für Energieversorgungssicherheit habe ich nicht zugestimmt. Sie hat letztendlich auch keine Mehrheit im Parlament bekommen. Meine Fraktion hat viele Änderungsanträge beigesteuert, mit denen der Bericht besser geworden wäre. Gleichwohl wäre er für mich auch bei Annahme dieser Änderungsanträge nicht zustimmungsfähig gewesen. Der Bericht ist ein Angriff auf die industrielle Basis Europas und fordert einen Umbau zu einer grüneren Energiewirtschaft. Er fußt auf der ideologischen Basis eines menschengemachten Klimawandels, die ich nicht teile. Der zentralplanerische Umbau der Energieerzeugungsbranche in Deutschland und Europa aufgrund fragwürdiger ideologischer Dogmen ist falsch. Zudem gibt es mit Sicherheit Aufgaben für eine Koordination von Angelegenheiten im Bereich der Energieversorgungssicherheit auf Ebene der EU. Dazu gehören jedoch nicht Vorgaben über den jeweiligen nationalen Energiemix.",Der Entschließung des Parlaments der EU zu der europäischen Strategie für Energieversorgungssicherheit habe ich nicht zugestimmt  Sie hat letztendlich auch keine Mehrheit im Parlament bekommen  Meine Fraktion hat viele Änderungsanträge beigesteuert  mit denen der Bericht besser geworden wäre  Gleichwohl wäre er für mich auch bei Annahme dieser Änderungsanträge nicht zustimmungsfähig gewesen  Der Bericht ist ein Angriff auf die industrielle Basis Europas und fordert einen Umbau zu einer grüneren Energiewirtschaft  Er fußt auf der ideologischen Basis eines menschengemachten Klimawandels  die ich nicht teile  Der zentralplanerische Umbau der Energieerzeugungsbranche in Deutschland und Europa aufgrund fragwürdiger ideologischer Dogmen ist falsch  Zudem gibt es mit Sicherheit Aufgaben für eine Koordination von Angelegenheiten im Bereich der Energieversorgungssicherheit auf Ebene der EU  Dazu gehören jedoch nicht Vorgaben über den jeweiligen nationalen Energiemix,126
608,eu8_246163,Marcus Pretzell,2015-05-27,"Das Prinzip der Subsidiarität ist Teil des Gründungsgedankens der EU. Dass nun sogar Obst und Milch an Schulen Gegenstand einer europäischen Regelung sein sollen, ist im Hinblick darauf ein Hohn.",Das Prinzip der Subsidiarität ist Teil des Gründungsgedankens der EU  Dass nun sogar Obst und Milch an Schulen Gegenstand einer europäischen Regelung sein sollen  ist im Hinblick darauf ein Hohn,30
609,eu8_247662,Beatrix von Storch,2015-05-20,"Der Umfang der Nachweispflichten überfordert die Wirtschaft und steht in keinem guten Verhältnis zu der Chance, Frieden in den betroffenen Regionen zu schaffen. Insbesondere kleine und mittelständische Unternehmen haben nun einen immensen Aufwand zu betreiben, um die Herkunft der verbauten Stoffe nachzuweisen. Es wäre besser gewesen, sich zunächst auf die maßvolle freiwillige Regelung zu beschränken und dann später deren Erfolge zu überprüfen.",Der Umfang der Nachweispflichten überfordert die Wirtschaft und steht in keinem guten Verhältnis zu der Chance  Frieden in den betroffenen Regionen zu schaffen  Insbesondere kleine und mittelständische Unternehmen haben nun einen immensen Aufwand zu betreiben  um die Herkunft der verbauten Stoffe nachzuweisen  Es wäre besser gewesen  sich zunächst auf die maßvolle freiwillige Regelung zu beschränken und dann später deren Erfolge zu überprüfen,62
610,eu8_248382,Beatrix von Storch,2015-05-20,"Freier Handel ist ein sehr hohes Gut, findet aber seine Grenzen, wenn die Einfuhr der Produkte Schädigungen bei Dritten hervorruft.",Freier Handel ist ein sehr hohes Gut  findet aber seine Grenzen  wenn die Einfuhr der Produkte Schädigungen bei Dritten hervorruft,20
611,eu8_250944,Marcus Pretzell,2015-04-30,"Und ich sage Ihnen: Bei allem Gerede von Investitionen, das ist letztlich der Untergang der europäischen Wirtschaft.",Und ich sage Ihnen  Bei allem Gerede von Investitionen  das ist letztlich der Untergang der europäischen Wirtschaft,17
612,eu8_252870,Beatrix von Storch,2015-04-29,"Die größte Ironie der ""Agenturitis"" ist, dass die ausgelagerten Behörden oftmals geographisch so weit von der Zentrale der EU-Kommission entfernt sind, dass eine effiziente Zusammenarbeit und Kontrolle im Tagesgeschäft nicht möglich ist. Also eröffnen die Agenturen eigene Verbindungsbüros in Brüssel. Damit lösen sich die Einsparungsvorschläge der EU-Kommission von selbst auf. Da ich mich jedoch für eine schlanke EU-Verwaltung einsetze, kann ich der Entlastung der Agentur nicht zustimmen.",Die größte Ironie der  Agenturitis  ist  dass die ausgelagerten Behörden oftmals geographisch so weit von der Zentrale der EUKommission entfernt sind  dass eine effiziente Zusammenarbeit und Kontrolle im Tagesgeschäft nicht möglich ist  Also eröffnen die Agenturen eigene Verbindungsbüros in Brüssel  Damit lösen sich die Einsparungsvorschläge der EUKommission von selbst auf  Da ich mich jedoch für eine schlanke EUVerwaltung einsetze  kann ich der Entlastung der Agentur nicht zustimmen,67
613,eu8_254932,Beatrix von Storch,2015-04-29,"Die größte Ironie der ""Agenturitis"" ist, dass die ausgelagerten Behörden oftmals geographisch so weit von der Zentrale der EU-Kommission entfernt sind, dass eine effiziente Zusammenarbeit und Kontrolle im Tagesgeschäft nicht möglich ist. Also eröffnen die Agenturen eigene Verbindungsbüros in Brüssel. Damit lösen sich die Einsparungsvorschläge der EU-Kommission von selbst auf. Da ich mich jedoch für eine schlanke EU-Verwaltung einsetze, kann ich der Entlastung der Agentur nicht zustimmen.",Die größte Ironie der  Agenturitis  ist  dass die ausgelagerten Behörden oftmals geographisch so weit von der Zentrale der EUKommission entfernt sind  dass eine effiziente Zusammenarbeit und Kontrolle im Tagesgeschäft nicht möglich ist  Also eröffnen die Agenturen eigene Verbindungsbüros in Brüssel  Damit lösen sich die Einsparungsvorschläge der EUKommission von selbst auf  Da ich mich jedoch für eine schlanke EUVerwaltung einsetze  kann ich der Entlastung der Agentur nicht zustimmen,67
614,eu8_255019,Beatrix von Storch,2015-04-29,"Die größte Ironie der ""Agenturitis"" ist, dass die ausgelagerten Behörden oftmals geographisch so weit von der Zentrale der EU-Kommission entfernt sind, dass eine effiziente Zusammenarbeit und Kontrolle im Tagesgeschäft nicht möglich ist. Also eröffnen die Agenturen eigene Verbindungsbüros in Brüssel. Damit lösen sich die Einsparungsvorschläge der EU-Kommission von selbst auf. Da ich mich jedoch für eine schlanke EU-Verwaltung einsetze, kann ich der Entlastung der Agentur nicht zustimmen.",Die größte Ironie der  Agenturitis  ist  dass die ausgelagerten Behörden oftmals geographisch so weit von der Zentrale der EUKommission entfernt sind  dass eine effiziente Zusammenarbeit und Kontrolle im Tagesgeschäft nicht möglich ist  Also eröffnen die Agenturen eigene Verbindungsbüros in Brüssel  Damit lösen sich die Einsparungsvorschläge der EUKommission von selbst auf  Da ich mich jedoch für eine schlanke EUVerwaltung einsetze  kann ich der Entlastung der Agentur nicht zustimmen,67
615,eu8_255291,Beatrix von Storch,2015-04-29,"Die größte Ironie der ""Agenturitis"" ist, dass die ausgelagerten Behörden oftmals geographisch so weit von der Zentrale der EU-Kommission entfernt sind, dass eine effiziente Zusammenarbeit und Kontrolle im Tagesgeschäft nicht möglich ist. Also eröffnen die Agenturen eigene Verbindungsbüros in Brüssel. Damit lösen sich die Einsparungsvorschläge der EU-Kommission von selbst auf. Da ich mich jedoch für eine schlanke EU-Verwaltung einsetze, kann ich der Entlastung der Agentur nicht zustimmen.",Die größte Ironie der  Agenturitis  ist  dass die ausgelagerten Behörden oftmals geographisch so weit von der Zentrale der EUKommission entfernt sind  dass eine effiziente Zusammenarbeit und Kontrolle im Tagesgeschäft nicht möglich ist  Also eröffnen die Agenturen eigene Verbindungsbüros in Brüssel  Damit lösen sich die Einsparungsvorschläge der EUKommission von selbst auf  Da ich mich jedoch für eine schlanke EUVerwaltung einsetze  kann ich der Entlastung der Agentur nicht zustimmen,67
616,eu8_255379,Beatrix von Storch,2015-04-29,"Die größte Ironie der ""Agenturitis"" ist, dass die ausgelagerten Behörden oftmals geographisch so weit von der Zentrale der EU-Kommission entfernt sind, dass eine effiziente Zusammenarbeit und Kontrolle im Tagesgeschäft nicht möglich ist. Also eröffnen die Agenturen eigene Verbindungsbüros in Brüssel. Damit lösen sich die Einsparungsvorschläge der EU-Kommission von selbst auf. Da ich mich jedoch für eine schlanke EU-Verwaltung einsetze, kann ich der Entlastung der Agentur nicht zustimmen.",Die größte Ironie der  Agenturitis  ist  dass die ausgelagerten Behörden oftmals geographisch so weit von der Zentrale der EUKommission entfernt sind  dass eine effiziente Zusammenarbeit und Kontrolle im Tagesgeschäft nicht möglich ist  Also eröffnen die Agenturen eigene Verbindungsbüros in Brüssel  Damit lösen sich die Einsparungsvorschläge der EUKommission von selbst auf  Da ich mich jedoch für eine schlanke EUVerwaltung einsetze  kann ich der Entlastung der Agentur nicht zustimmen,67
617,eu8_255649,Beatrix von Storch,2015-04-29,"Der „Entlastung 2013: Europäische Bankenaufsichtsbehörde (EBA)“ habe ich nicht zugestimmt. Das entspricht der Linie meiner Fraktion, der Europäischen Konservativen und Reformisten. Ich bin gegen die weitere Ausstattung dieser Agenturen mit Mitteln aus der EU.",Der „ Entlastung 2013  Europäische Bankenaufsichtsbehörde  EBA  “ habe ich nicht zugestimmt  Das entspricht der Linie meiner Fraktion  der Europäischen Konservativen und Reformisten  Ich bin gegen die weitere Ausstattung dieser Agenturen mit Mitteln aus der EU,36
618,eu8_256875,Beatrix von Storch,2015-04-29,"Die „Entlastung 2013: Europäische Wertpapier- und Marktaufsichtsbehörde (ESMA)“ habe ich entsprechend der Linie meiner Fraktion, der Europäischen Konservativen und Reformisten verweigert. Ich bin gegen die weitere Ausstattung dieser Agenturen mit Mitteln aus der EU.",Die „ Entlastung 2013  Europäische Wertpapier und Marktaufsichtsbehörde  ESMA  “ habe ich entsprechend der Linie meiner Fraktion  der Europäischen Konservativen und Reformisten verweigert  Ich bin gegen die weitere Ausstattung dieser Agenturen mit Mitteln aus der EU,36
619,eu8_257131,Beatrix von Storch,2015-04-29,"Die größte Ironie der ""Agenturitis"" ist, dass die ausgelagerten Behörden oftmals geographisch so weit von der Zentrale der EU-Kommission entfernt sind, dass eine effiziente Zusammenarbeit und Kontrolle im Tagesgeschäft nicht möglich ist. Also eröffnen die Agenturen eigene Verbindungsbüros in Brüssel. Damit lösen sich die Einsparungsvorschläge der EU-Kommission von selbst auf. Da ich mich jedoch für eine schlanke EU-Verwaltung einsetze, kann ich der Entlastung der Agentur nicht zustimmen.",Die größte Ironie der  Agenturitis  ist  dass die ausgelagerten Behörden oftmals geographisch so weit von der Zentrale der EUKommission entfernt sind  dass eine effiziente Zusammenarbeit und Kontrolle im Tagesgeschäft nicht möglich ist  Also eröffnen die Agenturen eigene Verbindungsbüros in Brüssel  Damit lösen sich die Einsparungsvorschläge der EUKommission von selbst auf  Da ich mich jedoch für eine schlanke EUVerwaltung einsetze  kann ich der Entlastung der Agentur nicht zustimmen,67
620,eu8_257304,Beatrix von Storch,2015-04-29,"Die größte Ironie der ""Agenturitis"" ist, dass die ausgelagerten Behörden oftmals geographisch so weit von der Zentrale der EU-Kommission entfernt sind, dass eine effiziente Zusammenarbeit und Kontrolle im Tagesgeschäft nicht möglich ist. Also eröffnen die Agenturen eigene Verbindungsbüros in Brüssel. Damit lösen sich die Einsparungsvorschläge der EU-Kommission von selbst auf. Da ich mich jedoch für eine schlanke EU-Verwaltung einsetze, kann ich der Entlastung der Agentur nicht zustimmen.",Die größte Ironie der  Agenturitis  ist  dass die ausgelagerten Behörden oftmals geographisch so weit von der Zentrale der EUKommission entfernt sind  dass eine effiziente Zusammenarbeit und Kontrolle im Tagesgeschäft nicht möglich ist  Also eröffnen die Agenturen eigene Verbindungsbüros in Brüssel  Damit lösen sich die Einsparungsvorschläge der EUKommission von selbst auf  Da ich mich jedoch für eine schlanke EUVerwaltung einsetze  kann ich der Entlastung der Agentur nicht zustimmen,67
621,eu8_258439,Beatrix von Storch,2015-04-29,"Damit konzentrieren sich die Geldmarktfonds auf weniger Anlagemöglichkeiten, was die Wahrscheinlichkeit eines „Runs“ in einer Assetklasse erhöht. Die Limitierung der erlaubten Kreditaufnahme schränkt die Reaktionsmöglichkeiten auf einen „Run“ ebenfalls ein. Beides ist kontraproduktiv für die Stabilität der Anlageklasse Geldmarktfonds. Die Regulierung wird dafür sorgen, dass ein höherer Anteil kurzfristiger Anlagen zukünftig auf Bankkonten angelegt wird und ins Bankensystem fließt. Ich werde den Eindruck nicht los, dass dies ein erwünschter Nebeneffekt ist.",Damit konzentrieren sich die Geldmarktfonds auf weniger Anlagemöglichkeiten  was die Wahrscheinlichkeit eines „ Runs “ in einer Assetklasse erhöht  Die Limitierung der erlaubten Kreditaufnahme schränkt die Reaktionsmöglichkeiten auf einen „ Run “ ebenfalls ein  Beides ist kontraproduktiv für die Stabilität der Anlageklasse Geldmarktfonds  Die Regulierung wird dafür sorgen  dass ein höherer Anteil kurzfristiger Anlagen zukünftig auf Bankkonten angelegt wird und ins Bankensystem fließt  Ich werde den Eindruck nicht los  dass dies ein erwünschter Nebeneffekt ist,75
622,eu8_259215,Marcus Pretzell,2015-04-28,"Er ist aber gleichzeitig unzureichend und öffnet eine Hintertür, ist möglicherweise im Ergebnis kontraproduktiv, weil wir erleben werden, dass Hersteller auf Plastiktüten mit über 50 µm ausweichen, damit mehr Ressourcen verschwenden, mehr Energie verschwenden und letztlich noch mehr Plastikmüll in die Umwelt entsorgen werden.",Er ist aber gleichzeitig unzureichend und öffnet eine Hintertür  ist möglicherweise im Ergebnis kontraproduktiv  weil wir erleben werden  dass Hersteller auf Plastiktüten mit über 50 µm ausweichen  damit mehr Ressourcen verschwenden  mehr Energie verschwenden und letztlich noch mehr Plastikmüll in die Umwelt entsorgen werden,44
623,eu8_259744,Beatrix von Storch,2015-04-28,"Jeder Fahrzeugkäufer sollte sich selbst entscheiden können, ob er ein solches System betreiben möchte. Er ist schließlich auch höchstselbst betroffen, wenn Hilfe bei einem etwaigen Unfall nicht rechtzeitig zur Stelle ist.",Jeder Fahrzeugkäufer sollte sich selbst entscheiden können  ob er ein solches System betreiben möchte  Er ist schließlich auch höchstselbst betroffen  wenn Hilfe bei einem etwaigen Unfall nicht rechtzeitig zur Stelle ist,31
624,eu8_259925,Beatrix von Storch,2015-04-28,"Die zentralplanerische Hybris, festlegen zu können, zu welchem Anteil Biokraftstoffe zu verwenden sind, ist das Problem – nicht die Herstellung des Produkts selbst.",Die zentralplanerische Hybris  festlegen zu können  zu welchem Anteil Biokraftstoffe zu verwenden sind  ist das Problem – nicht die Herstellung des Produkts selbst,23
625,eu8_261668,Marcus Pretzell,2015-04-27,"Ich glaube, dass wir gut beraten sind, wenn wir nicht allen Europäern dieselbe Strategie verordnen, sondern wenn wir ihnen eine Strategie verordnen, die auf ihre jeweiligen Gewohnheiten Rücksicht nimmt.",Ich glaube  dass wir gut beraten sind  wenn wir nicht allen Europäern dieselbe Strategie verordnen  sondern wenn wir ihnen eine Strategie verordnen  die auf ihre jeweiligen Gewohnheiten Rücksicht nimmt,29
626,eu8_263027,Beatrix von Storch,2015-04-15,"Die EU und ihre Institutionen mischen sich häufig in geradezu vorwitziger Weise in die inneren Angelegenheiten von Nichtmitgliedern der EU ein, obwohl sie die eigenen Verhältnisse in der Union offenbar nicht selbst rechtsstaatlich zu regeln in der Lage sind. Gern werde ich diesen Widerspruch auch in Zukunft aufzeigen und den Finger in die Wunde der rechtsstaatlichen Defizite der EU legen.",Die EU und ihre Institutionen mischen sich häufig in geradezu vorwitziger Weise in die inneren Angelegenheiten von Nichtmitgliedern der EU ein  obwohl sie die eigenen Verhältnisse in der Union offenbar nicht selbst rechtsstaatlich zu regeln in der Lage sind  Gern werde ich diesen Widerspruch auch in Zukunft aufzeigen und den Finger in die Wunde der rechtsstaatlichen Defizite der EU legen,60
627,eu8_264180,Beatrix von Storch,2015-03-25,"Die EU sollte ein Projekt des Friedens sein, unsere eigenen Interessen vertreten und keine Stellvertreterkriege führen – und wenn sie es schon tut, dann sollte sie es wenigstens den europäischen Bürgern gegenüber ehrlich zugeben.",Die EU sollte ein Projekt des Friedens sein  unsere eigenen Interessen vertreten und keine Stellvertreterkriege führen – und wenn sie es schon tut  dann sollte sie es wenigstens den europäischen Bürgern gegenüber ehrlich zugeben,34
628,eu8_264335,Beatrix von Storch,2015-03-25,"Damit hätte die Union eine eigene Steuerhoheit erlangt und würde endgültig zu dem, was viele Kollegen im Parlament und die Kommission sowieso anstreben: Die Europäische Union würde zu einem selbständigen Staat. Das will ich nicht.",Damit hätte die Union eine eigene Steuerhoheit erlangt und würde endgültig zu dem  was viele Kollegen im Parlament und die Kommission sowieso anstreben  Die Europäische Union würde zu einem selbständigen Staat  Das will ich nicht,35
629,eu8_264776,Beatrix von Storch,2015-03-12,"Ich trage weder die Idee noch die Tendenz mit, dass die Regierungen der Mitgliedsstaaten ihre Außenministerien zunehmend schließen und ihre militärischen Generalstäbe nach Brüssel verlegen sollten.",Ich trage weder die Idee noch die Tendenz mit  dass die Regierungen der Mitgliedsstaaten ihre Außenministerien zunehmend schließen und ihre militärischen Generalstäbe nach Brüssel verlegen sollten,26
630,eu8_265776,Beatrix von Storch,2015-03-11,"Ich habe gegen diese Vorlagen gestimmt, weil sie ganz klar auf eine zeitnahe Mitgliedschaft Montenegros in der EU hinführen. Die AfD hat sich in ihrem Europa-Wahlprogramm jedoch gegen die EU-Erweiterung und -Vertiefung positioniert. Wer sich für Stabilisierungs- und Assoziierungsabkommen (SAA) ausspricht, wirkt faktisch an der Vorbereitung dieser EU-Erweiterung mit.",Ich habe gegen diese Vorlagen gestimmt  weil sie ganz klar auf eine zeitnahe Mitgliedschaft Montenegros in der EU hinführen  Die AfD hat sich in ihrem EuropaWahlprogramm jedoch gegen die EUErweiterung und Vertiefung positioniert  Wer sich für Stabilisierungs und Assoziierungsabkommen  SAA  ausspricht  wirkt faktisch an der Vorbereitung dieser EUErweiterung mit,49
631,eu8_266799,Beatrix von Storch,2015-03-11,"Ich bin gegen die Erweiterung der EU. Insofern stimme ich auch einer entsprechenden Vorbereitung nicht zu. Diese Haltung ändert sich so lange nicht, solange die EU und ihre Institutionen nicht von Grund auf erneuert und reformiert sind und wir wieder die EU als Bund souveräner Staaten und nicht als Staatenbund entwickeln.",Ich bin gegen die Erweiterung der EU  Insofern stimme ich auch einer entsprechenden Vorbereitung nicht zu  Diese Haltung ändert sich so lange nicht  solange die EU und ihre Institutionen nicht von Grund auf erneuert und reformiert sind und wir wieder die EU als Bund souveräner Staaten und nicht als Staatenbund entwickeln,51
632,eu8_266943,Beatrix von Storch,2015-03-11,"Ich bin gegen die Erweiterung der EU. Insofern stimme ich auch einer entsprechenden Vorbereitung nicht zu. Diese Haltung ändert sich so lange nicht, solange die EU und ihre Institutionen nicht von Grund auf erneuert und reformiert sind und wir wieder die EU als Bund souveräner Staaten und nicht als Staatenbund entwickeln.",Ich bin gegen die Erweiterung der EU  Insofern stimme ich auch einer entsprechenden Vorbereitung nicht zu  Diese Haltung ändert sich so lange nicht  solange die EU und ihre Institutionen nicht von Grund auf erneuert und reformiert sind und wir wieder die EU als Bund souveräner Staaten und nicht als Staatenbund entwickeln,51
633,eu8_268250,Beatrix von Storch,2015-03-10,"Herr Präsident, liebe Kollegen! Langfristiges Kapital fehlt in Europa, sagt Kommissionspräsident Juncker. Er spricht von einer Investitionslücke, und die soll jetzt dieser neue europäische langfristige Investitionsfonds ELTIF stopfen. Schauen wir zurück: Solange es dem Euro scheinbar gut ging, wurde auch investiert. Heute wissen wir: Das war ein Riesen-Strohfeuer. Die vorhersehbare Krise des Euro und der Rechtsbruch zu seiner vermeintlichen Rettung haben enorme politische Unsicherheiten geschaffen, auch für die Anleger. Die Unternehmen sind den Entscheidungen der Politik ausgeliefert und unter diesen Bedingungen und in diesem politischen Klima nicht weiter interessiert, langfristig zu investieren. Der ELTIF wird die Investitionslücke nicht stopfen. Er beseitigt nicht die Unsicherheit, den wahren Grund für die Investitionslücke. Der Euro funktioniert nicht, und die Versuche, ihn zu retten, verschlimmern alles nur.",Herr Präsident  liebe Kollegen  Langfristiges Kapital fehlt in Europa  sagt Kommissionspräsident Juncker  Er spricht von einer Investitionslücke  und die soll jetzt dieser neue europäische langfristige Investitionsfonds ELTIF stopfen  Schauen wir zurück  Solange es dem Euro scheinbar gut ging  wurde auch investiert  Heute wissen wir  Das war ein RiesenStrohfeuer  Die vorhersehbare Krise des Euro und der Rechtsbruch zu seiner vermeintlichen Rettung haben enorme politische Unsicherheiten geschaffen  auch für die Anleger  Die Unternehmen sind den Entscheidungen der Politik ausgeliefert und unter diesen Bedingungen und in diesem politischen Klima nicht weiter interessiert  langfristig zu investieren  Der ELTIF wird die Investitionslücke nicht stopfen  Er beseitigt nicht die Unsicherheit  den wahren Grund für die Investitionslücke  Der Euro funktioniert nicht  und die Versuche  ihn zu retten  verschlimmern alles nur,123
634,eu8_269023,Beatrix von Storch,2015-03-10,"Der weltweit größte Baumaschinenhersteller Caterpillar erwirtschaftete im Bezugszeitraum 2014 einen den Aktionären zustehenden Konzernjahresüberschuss von 3,5 Milliarden Euro – offensichtlich ohne die Kosten für Entlassungen in Belgien (schon wieder Belgien!) zu übernehmen. Denn diese Rechnung begleichen jetzt die Steuerzahler der EU, mittels der EU-Kommission: 1,2 Mio. Euro Steuergelder. Das trage ich ganz sicher nicht mit!",Der weltweit größte Baumaschinenhersteller Caterpillar erwirtschaftete im Bezugszeitraum 2014 einen den Aktionären zustehenden Konzernjahresüberschuss von 35 Milliarden Euro – offensichtlich ohne die Kosten für Entlassungen in Belgien  schon wieder Belgien   zu übernehmen  Denn diese Rechnung begleichen jetzt die Steuerzahler der EU  mittels der EUKommission  12 Mio Euro Steuergelder  Das trage ich ganz sicher nicht mit,55
635,eu8_269638,Beatrix von Storch,2015-03-10,"Alle schieben die Schuld auf die Globalisierung, jedes Mal springt die EU-Kommission ein. Ist das wirklich der Grund?",Alle schieben die Schuld auf die Globalisierung  jedes Mal springt die EUKommission ein  Ist das wirklich der Grund,18
636,eu8_270208,Beatrix von Storch,2015-03-10,"Die Kontrolle der EZB sollte bei den Vertragsstaaten der Eurozone liegen. Diese weigern sich jedoch, die EZB zu kontrollieren und die EZB durch rechtliches Vorgehen zu zwingen, dass sie ihr Handeln in den Rahmen des Mandats zurückführt.",Die Kontrolle der EZB sollte bei den Vertragsstaaten der Eurozone liegen  Diese weigern sich jedoch  die EZB zu kontrollieren und die EZB durch rechtliches Vorgehen zu zwingen  dass sie ihr Handeln in den Rahmen des Mandats zurückführt,37
637,eu8_271479,Beatrix von Storch,2015-02-12,"Die Menschen in den betroffenen Gebieten brauchen weiterhin Hilfe. In Form von Lebensmitteln und Unterkünften, aber auch zur Verteidigung vor dem IS. Und zwar so schnell wie möglich!",Die Menschen in den betroffenen Gebieten brauchen weiterhin Hilfe  In Form von Lebensmitteln und Unterkünften  aber auch zur Verteidigung vor dem IS  Und zwar so schnell wie möglich,28
638,eu8_272675,Beatrix von Storch,2015-02-11,"Das kann zwar nicht grundsätzlich den Schaden verhindern, der dem Kind zugefügt wird, bietet aber wenigstens die Möglichkeit der Rückführung des Kindes in seine gewohnte Umgebung. Zudem bin ich erfreut, dass die internationale Zusammenarbeit mit der Russischen Föderation trotz Sanktionen im Grundsatz offenbar immer noch möglich ist.",Das kann zwar nicht grundsätzlich den Schaden verhindern  der dem Kind zugefügt wird  bietet aber wenigstens die Möglichkeit der Rückführung des Kindes in seine gewohnte Umgebung  Zudem bin ich erfreut  dass die internationale Zusammenarbeit mit der Russischen Föderation trotz Sanktionen im Grundsatz offenbar immer noch möglich ist,47
639,eu8_274677,Marcus Pretzell,2015-02-11,"Das heißt, wir haben ein Zuwanderungsgesetz zu erstellen, damit jedem, der nach Europa kommen möchte, auch klar ist, ob er ein Recht hat, zu uns zu kommen, und ob er hier auch erwünscht ist, damit nämlich nicht Hunderttausende nach überlangen Verfahren letztlich abgeschoben werden und ihr Leben umsonst riskiert haben. Europa hat kein Konzept, und dafür bezahlen Tausende mit ihrem Leben. Dagegen helfen auch nicht Ihre alle paar Wochen wiederholt zur Schau gestellten Krokodilstränen, meine Damen und Herren!",Das heißt  wir haben ein Zuwanderungsgesetz zu erstellen  damit jedem  der nach Europa kommen möchte  auch klar ist  ob er ein Recht hat  zu uns zu kommen  und ob er hier auch erwünscht ist  damit nämlich nicht Hunderttausende nach überlangen Verfahren letztlich abgeschoben werden und ihr Leben umsonst riskiert haben  Europa hat kein Konzept  und dafür bezahlen Tausende mit ihrem Leben  Dagegen helfen auch nicht Ihre alle paar Wochen wiederholt zur Schau gestellten Krokodilstränen  meine Damen und Herren,78
640,eu8_275206,Beatrix von Storch,2015-02-10,"Also lassen Sie sich gesagt sein: Es sind christliche Entwicklungshilfswerke, deren Arbeit gegen die weibliche Genitalverstümmelung unendlich wertvoll ist.",Also lassen Sie sich gesagt sein  Es sind christliche Entwicklungshilfswerke  deren Arbeit gegen die weibliche Genitalverstümmelung unendlich wertvoll ist,19
641,eu8_276197,Beatrix von Storch,2015-01-15,"Ist es nicht bemerkenswert, dass eine sogenannte Menschenrechtspolitikerin von den Grünen die konkrete Unterstützung für schwer gepeinigte Menschen ablehnt? Die fraktionsübergreifenden Buhrufe gegen diese kaltherzige Verweigerung sollte Grünen und Linksradikalen zu denken geben.",Ist es nicht bemerkenswert  dass eine sogenannte Menschenrechtspolitikerin von den Grünen die konkrete Unterstützung für schwer gepeinigte Menschen ablehnt  Die fraktionsübergreifenden Buhrufe gegen diese kaltherzige Verweigerung sollte Grünen und Linksradikalen zu denken geben,33
642,eu8_276333,Beatrix von Storch,2015-01-15,"Nicht billigen kann ich allerdings die angestrebte Verschärfung der Sanktionen gegen Russland, die nur seine Bevölkerung treffen. Stattdessen sollten wir freien Handel mit Russland anstreben. Denn wo Waren die Grenzen passieren, werden es Armeen nicht tun.",Nicht billigen kann ich allerdings die angestrebte Verschärfung der Sanktionen gegen Russland  die nur seine Bevölkerung treffen  Stattdessen sollten wir freien Handel mit Russland anstreben  Denn wo Waren die Grenzen passieren  werden es Armeen nicht tun,36
643,eu8_277375,Marcus Pretzell,2015-01-13,"Wir werden vor allen Dingen als Parlament darauf aufpassen müssen, dass am Ende nicht – wie es schon beim Assoziierungsabkommen mit der Ukraine der Fall gewesen ist – über die TTIP diese Regulierung wieder aufgehoben wird.",Wir werden vor allen Dingen als Parlament darauf aufpassen müssen  dass am Ende nicht – wie es schon beim Assoziierungsabkommen mit der Ukraine der Fall gewesen ist – über die TTIP diese Regulierung wieder aufgehoben wird,36
644,eu8_279171,Marcus Pretzell,2014-12-17,"Da ich diese sinnfreie Verschleuderung von Steuergeld entschieden ablehne, habe ich auch diese Vorlage der Kommission abzulehnen.",Da ich diese sinnfreie Verschleuderung von Steuergeld entschieden ablehne  habe ich auch diese Vorlage der Kommission abzulehnen,17
645,eu8_279236,Marcus Pretzell,2014-12-17,"Dieser Haushaltsentwurf, welcher all die krisenverursachenden Fehler wiederholt und vertieft, findet nicht meine Unterstützung.",Dieser Haushaltsentwurf  welcher all die krisenverursachenden Fehler wiederholt und vertieft  findet nicht meine Unterstützung,14
646,eu8_279928,Marcus Pretzell,2014-12-17,"Es ist absolut unsolidarisch, einem europäischen Partner die wirtschaftliche Genesung vorzuenthalten!",Es ist absolut unsolidarisch  einem europäischen Partner die wirtschaftliche Genesung vorzuenthalten,11
647,eu8_281144,Beatrix von Storch,2014-12-16,"Der Kollege von der FDP, Herr Theurer, forderte eben die Abschaffung des Steuerwettbewerbs – ein außerordentlich liberaler Ansatz, Herr Theurer. Alle Maßnahmen, die hier ergriffen werden, scheitern. Und wenn Sie die Gelegenheit haben, zu sagen, was die Erfolge sind, präsentieren Sie uns ein leeres Blatt Papier. Wir sind auf dem falschen Weg!",Der Kollege von der FDP  Herr Theurer  forderte eben die Abschaffung des Steuerwettbewerbs – ein außerordentlich liberaler Ansatz  Herr Theurer  Alle Maßnahmen  die hier ergriffen werden  scheitern  Und wenn Sie die Gelegenheit haben  zu sagen  was die Erfolge sind  präsentieren Sie uns ein leeres Blatt Papier  Wir sind auf dem falschen Weg,52
648,eu8_282543,Marcus Pretzell,2014-12-16,"Denn das Urproblem in Syrien, das wir dort erleben und das wir in der ganzen Region erleben, das ist der Islamismus, und das gilt es nicht nur anzusprechen, sondern auch zu bekämpfen.",Denn das Urproblem in Syrien  das wir dort erleben und das wir in der ganzen Region erleben  das ist der Islamismus  und das gilt es nicht nur anzusprechen  sondern auch zu bekämpfen,32
649,eu8_283524,Marcus Pretzell,2014-11-27,". — Mit einem gemeinsamen digitalen Binnenmarkt ergibt sich für alle Mitgliedstaaten die Chance, dass die EU ihr Gewicht in Waagschale wirft, um den Bürgern den Schutz ihrer Privatsphäre zu garantieren. Datenschutz, Privatsphäre und Verbraucherschutz lassen sich durch die Größe des Binnenmarktes effektiv verteidigen. Dabei ist die EU aufgefordert, auch besonders Kinder vor den Untiefen des Internets zu schützen. Zusätzlich dazu fördert der von mir befürwortete Digital Single Market die Innovationskraft, das Wirtschaftswachstum und letztlich die Entstehung von Arbeitsplätzen überall in Europa.",— Mit einem gemeinsamen digitalen Binnenmarkt ergibt sich für alle Mitgliedstaaten die Chance  dass die EU ihr Gewicht in Waagschale wirft  um den Bürgern den Schutz ihrer Privatsphäre zu garantieren  Datenschutz  Privatsphäre und Verbraucherschutz lassen sich durch die Größe des Binnenmarktes effektiv verteidigen  Dabei ist die EU aufgefordert  auch besonders Kinder vor den Untiefen des Internets zu schützen  Zusätzlich dazu fördert der von mir befürwortete Digital Single Market die Innovationskraft  das Wirtschaftswachstum und letztlich die Entstehung von Arbeitsplätzen überall in Europa,81
650,eu8_283724,Marcus Pretzell,2014-11-26,"Herr Präsident, meine Damen und Herren! In der Europäischen Union sind wir verantwortlich für rund 10 % des globalen CO2-Ausstoßes. 40 % davon sollen jetzt eingespart werden, das heißt also ungefähr 4 % des globalen CO2-Ausstosses. Darüber können wir hier in der Europäischen Union befinden. Wir haben mehrfach versucht, uns mit den großen CO2-Emittenten zu einigen, mit den USA, China, Russland und auch Indien. Kyoto war letztlich das Papier nicht wert, auf dem es verfasst worden ist, und in Kopenhagen hat sich die Europäische Union wirklich vorführen lassen, wie es selten passiert ist. Wir haben in Deutschland derweil ein schönes Beispiel dafür, wie CO2-Klimapolitik eben nicht funktionieren kann: den überstürzten Ausstieg aus der Atomenergie. Gleichzeitig machen wir weiter bei Braunkohle und Steinkohle, Windenergie mit zweifelhafter Klimabilanz und schließlich einem Emissionshandel, der sich als völlig überflüssig erwiesen hat.",Herr Präsident  meine Damen und Herren  In der Europäischen Union sind wir verantwortlich für rund 10  des globalen CO2Ausstoßes  40  davon sollen jetzt eingespart werden  das heißt also ungefähr 4  des globalen CO2Ausstosses  Darüber können wir hier in der Europäischen Union befinden  Wir haben mehrfach versucht  uns mit den großen CO2Emittenten zu einigen  mit den USA  China  Russland und auch Indien  Kyoto war letztlich das Papier nicht wert  auf dem es verfasst worden ist  und in Kopenhagen hat sich die Europäische Union wirklich vorführen lassen  wie es selten passiert ist  Wir haben in Deutschland derweil ein schönes Beispiel dafür  wie CO2Klimapolitik eben nicht funktionieren kann  den überstürzten Ausstieg aus der Atomenergie  Gleichzeitig machen wir weiter bei Braunkohle und Steinkohle  Windenergie mit zweifelhafter Klimabilanz und schließlich einem Emissionshandel  der sich als völlig überflüssig erwiesen hat,134
651,eu8_283724,Marcus Pretzell,2014-11-26,"Sagen Sie den Menschen doch, wer diese Energiewende bezahlen muss, dass sie es sind, die Bürger, mit ihren Arbeitsplätzen und letztlich mit den Energiepreisen!",Sagen Sie den Menschen doch  wer diese Energiewende bezahlen muss  dass sie es sind  die Bürger  mit ihren Arbeitsplätzen und letztlich mit den Energiepreisen,24
652,eu8_284056,Marcus Pretzell,2014-11-26,". — Fahren Vertreter der EU zu Klimakonferenzen, so ist der Misserfolg leider allzu oft schon vorbestimmt. Wohl werden dort vollmundig Ziele gesetzt, doch schafft es die EU nicht, die Länder mit dem höchsten Kohlenstoffdioxidausstoß zur Umsetzung dieser Ziele zu bewegen. Die Folge davon ist nun, dass die Wettbewerbsfähigkeit Deutschlands und Europas in hohem Maße eingeschränkt wird. Durch den effektlosen Emissionshandel und immer neue CO2-Grenzwerte wird beispielsweise die Stahlindustrie in Europa systematisch geschwächt. Damit gehen zum einen Arbeitsplätze verloren, zum anderen werden im Falle Deutschlands die Kosten des EEG zum Großteil auf die mittleren und niedrigen Einkommen abgewälzt.",— Fahren Vertreter der EU zu Klimakonferenzen  so ist der Misserfolg leider allzu oft schon vorbestimmt  Wohl werden dort vollmundig Ziele gesetzt  doch schafft es die EU nicht  die Länder mit dem höchsten Kohlenstoffdioxidausstoß zur Umsetzung dieser Ziele zu bewegen  Die Folge davon ist nun  dass die Wettbewerbsfähigkeit Deutschlands und Europas in hohem Maße eingeschränkt wird  Durch den effektlosen Emissionshandel und immer neue CO2Grenzwerte wird beispielsweise die Stahlindustrie in Europa systematisch geschwächt  Damit gehen zum einen Arbeitsplätze verloren  zum anderen werden im Falle Deutschlands die Kosten des EEG zum Großteil auf die mittleren und niedrigen Einkommen abgewälzt,97
653,eu8_284276,Marcus Pretzell,2014-11-26,"Wir müssen es Familien erleichtern, ihre Kinder vor den Gefahren des World Wide Web zu schützen, und zwar schon beim Zugriff auf das Netz. Um diese Herausforderungen erfolgreich zu meistern, brauchen wir übergreifende Strategien, ein Regelwerk im Bereich Datenschutz, Schutz der Privatsphäre und insgesamt bei den Bürgerrechten.",Wir müssen es Familien erleichtern  ihre Kinder vor den Gefahren des World Wide Web zu schützen  und zwar schon beim Zugriff auf das Netz  Um diese Herausforderungen erfolgreich zu meistern  brauchen wir übergreifende Strategien  ein Regelwerk im Bereich Datenschutz  Schutz der Privatsphäre und insgesamt bei den Bürgerrechten,47
654,eu8_284331,Marcus Pretzell,2014-11-26,"Sie meinen das Tata Steel-Werk. Es ist erstaunlich, dass es in Großbritannien überhaupt noch Stahlwerke gibt. So viel ist ja nicht mehr übrig geblieben. Die Masse davon ist längst kaputt. Und das hat – wie Sie richtig sagen – natürlich eine ganze Menge mit hohen Energiekosten, das hat vor allem auch mit Emissionshandel zu tun, weil es andere Standorte auf der Welt gibt, wo das mit dem Emissionshandel alles etwas lockerer von der Hand geht. Letztlich geht die Stahlindustrie eben raus aus Europa auf andere Kontinente, ohne jeden positiven Effekt für das Weltklima, ohne jeden positiven Effekt für die CO2-Bilanz auf dieser Welt.",Sie meinen das Tata SteelWerk  Es ist erstaunlich  dass es in Großbritannien überhaupt noch Stahlwerke gibt  So viel ist ja nicht mehr übrig geblieben  Die Masse davon ist längst kaputt  Und das hat – wie Sie richtig sagen – natürlich eine ganze Menge mit hohen Energiekosten  das hat vor allem auch mit Emissionshandel zu tun  weil es andere Standorte auf der Welt gibt  wo das mit dem Emissionshandel alles etwas lockerer von der Hand geht  Letztlich geht die Stahlindustrie eben raus aus Europa auf andere Kontinente  ohne jeden positiven Effekt für das Weltklima  ohne jeden positiven Effekt für die CO2Bilanz auf dieser Welt,103
655,eu8_284887,Beatrix von Storch,2014-11-25,Der massenhafte Transfer von Daten europäischer Bürger an die Sicherheitsbehörden der USA und anderer nichteuropäischer Staaten ist zu beenden. Das gilt insbesondere für den Transfer von Daten von Auslandsüberweisungen aufgrund des SWIFT-Abkommens sowie für die Übermittlung von Fluggastdaten.,Der massenhafte Transfer von Daten europäischer Bürger an die Sicherheitsbehörden der USA und anderer nichteuropäischer Staaten ist zu beenden  Das gilt insbesondere für den Transfer von Daten von Auslandsüberweisungen aufgrund des SWIFTAbkommens sowie für die Übermittlung von Fluggastdaten,38
656,eu8_285298,Beatrix von Storch,2014-11-25,"Wenn wir es schaffen, den Menschen in ihren Ländern eine Hoffnung zu geben, dann werden sie keine Boote mehr besteigen und müssen Heimat und Familie nicht verlassen. Entwicklungshilfe vor Ort rettet Menschenleben. Helfen wir den Armen, damit sie keine Migranten werden!",Wenn wir es schaffen  den Menschen in ihren Ländern eine Hoffnung zu geben  dann werden sie keine Boote mehr besteigen und müssen Heimat und Familie nicht verlassen  Entwicklungshilfe vor Ort rettet Menschenleben  Helfen wir den Armen  damit sie keine Migranten werden,41
657,eu8_286103,Beatrix von Storch,2014-11-13,"Weder der Rat noch die Kommission wollen eine Aussage treffen, in welcher Form das Assoziierungsabkommen mit Moldau den ersten Schritt zu Beitrittsverhandlungen mit einem neuen EU-Mitgliedstaat darstellt.",Weder der Rat noch die Kommission wollen eine Aussage treffen  in welcher Form das Assoziierungsabkommen mit Moldau den ersten Schritt zu Beitrittsverhandlungen mit einem neuen EUMitgliedstaat darstellt,27
658,eu8_287541,Beatrix von Storch,2014-10-22,"Als erste konkrete Maßnahme zur Haushaltskonsolidierung sollten der Kommission Buchhalter-Tricks verboten werden, die darin bestehen, unbezahlte Rechnungen einfach ins nächste Haushaltsjahr zu übertragen, um eingegangene Zahlungsverpflichtungen zu bedienen. Dadurch hat sich über die Jahre hinweg ein Schuldenberg bzw. Defizit von 23 Mrd. EUR angehäuft. Die EU erfüllt den Grundsatz des „ehrbaren Kaufmanns“ nicht.",Als erste konkrete Maßnahme zur Haushaltskonsolidierung sollten der Kommission BuchhalterTricks verboten werden  die darin bestehen  unbezahlte Rechnungen einfach ins nächste Haushaltsjahr zu übertragen  um eingegangene Zahlungsverpflichtungen zu bedienen  Dadurch hat sich über die Jahre hinweg ein Schuldenberg bzw Defizit von 23 Mrd EUR angehäuft  Die EU erfüllt den Grundsatz des „ ehrbaren Kaufmanns “ nicht,55
659,eu8_288194,Beatrix von Storch,2014-10-21,"In unserem gemeinsamen Interesse, für eine bessere Zukunft Europas sollten wir langsam diese Realität zur Kenntnis nehmen und neue Wege gehen.",In unserem gemeinsamen Interesse  für eine bessere Zukunft Europas sollten wir langsam diese Realität zur Kenntnis nehmen und neue Wege gehen,21
660,eu8_288290,Marcus Pretzell,2014-10-21,"Ich habe gegen diesen Antrag gestimmt, da hier zum wiederholten Male Gelder des Globalisierungsfonds für Arbeitsmarktmaßnahmen zweckentfremdet werden. Hier wären die Nationalstaaten gefragt, eventuelle arbeitsmarktpolitische Maßnahmen zu ergreifen, soweit notwendig und gewünscht. Die EU ist im konkreten Fall nicht zuständig und überschreitet zum wiederholten Male ihre Kompetenzen.",Ich habe gegen diesen Antrag gestimmt  da hier zum wiederholten Male Gelder des Globalisierungsfonds für Arbeitsmarktmaßnahmen zweckentfremdet werden  Hier wären die Nationalstaaten gefragt  eventuelle arbeitsmarktpolitische Maßnahmen zu ergreifen  soweit notwendig und gewünscht  Die EU ist im konkreten Fall nicht zuständig und überschreitet zum wiederholten Male ihre Kompetenzen,47
661,eu8_288466,Marcus Pretzell,2014-10-21,"Ich habe gegen diesen Antrag gestimmt, da hier zum wiederholten Male Gelder des Globalisierungsfonds für Arbeitsmarktmaßnahmen zweckentfremdet werden. Hier wären die Nationalstaaten gefragt, eventuelle arbeitsmarktpolitische Maßnahmen zu ergreifen, soweit notwendig und gewünscht. Die EU ist im konkreten Fall nicht zuständig und überschreitet zum wiederholten Male ihre Kompetenzen.",Ich habe gegen diesen Antrag gestimmt  da hier zum wiederholten Male Gelder des Globalisierungsfonds für Arbeitsmarktmaßnahmen zweckentfremdet werden  Hier wären die Nationalstaaten gefragt  eventuelle arbeitsmarktpolitische Maßnahmen zu ergreifen  soweit notwendig und gewünscht  Die EU ist im konkreten Fall nicht zuständig und überschreitet zum wiederholten Male ihre Kompetenzen,47
662,eu8_288550,Marcus Pretzell,2014-10-21,"Ich habe gegen diesen Antrag gestimmt, da hier zum wiederholten Male Gelder des Globalisierungsfonds für Arbeitsmarktmaßnahmen zweckentfremdet werden. Hier wären die Nationalstaaten gefragt, eventuelle arbeitsmarktpolitische Maßnahmen zu ergreifen, soweit notwendig und gewünscht. Die EU ist im konkreten Fall nicht zuständig und überschreitet zum wiederholten Male ihre Kompetenzen.",Ich habe gegen diesen Antrag gestimmt  da hier zum wiederholten Male Gelder des Globalisierungsfonds für Arbeitsmarktmaßnahmen zweckentfremdet werden  Hier wären die Nationalstaaten gefragt  eventuelle arbeitsmarktpolitische Maßnahmen zu ergreifen  soweit notwendig und gewünscht  Die EU ist im konkreten Fall nicht zuständig und überschreitet zum wiederholten Male ihre Kompetenzen,47
663,eu8_288605,Beatrix von Storch,2014-10-21,"Sie sagten: ""Die EU-Länder müssen auf dem Reformpfad bleiben mit strenger Steuerung durch die Union"". Es ist gut zu wissen, wie ernst die EU-Kommission diese ""strenge Steuerung"" nimmt. Die Tatsache, dass die EU-Kommission natürlich gar kein Recht hat, in die Haushalte der Nationalstaaten hineinzuregieren, steht dabei auf einen gänzlich anderen Blatt.",Sie sagten   Die EULänder müssen auf dem Reformpfad bleiben mit strenger Steuerung durch die Union   Es ist gut zu wissen  wie ernst die EUKommission diese  strenge Steuerung  nimmt  Die Tatsache  dass die EUKommission natürlich gar kein Recht hat  in die Haushalte der Nationalstaaten hineinzuregieren  steht dabei auf einen gänzlich anderen Blatt,51
664,eu8_289473,Marcus Pretzell,2014-09-17,"Herr Monot! Sie sprachen von dem ultraliberalen Europa. Ich frage mich, in welchem Europa Sie leben. Ich sehe ein ultrasozialistisches Europa, ein Europa, in dem Schulden vergemeinschaftet werden, in dem wir über eine Vergemeinschaftung der Arbeitslosenversicherung reden und über viel mehr Unfug, der da noch getrieben werden soll. Erklären Sie mir doch bitte: Was an diesem Europa ist liberal? Wenn es liberal wäre, dann wäre ich ja der größte Fan davon!",Herr Monot  Sie sprachen von dem ultraliberalen Europa  Ich frage mich  in welchem Europa Sie leben  Ich sehe ein ultrasozialistisches Europa  ein Europa  in dem Schulden vergemeinschaftet werden  in dem wir über eine Vergemeinschaftung der Arbeitslosenversicherung reden und über viel mehr Unfug  der da noch getrieben werden soll  Erklären Sie mir doch bitte  Was an diesem Europa ist liberal  Wenn es liberal wäre  dann wäre ich ja der größte Fan davon,71
665,eu8_290635,Beatrix von Storch,2014-09-16,"Die von den Christdemokraten geführte EU-Kommission hat es trotz dieser 1,8 Millionen Unterschriften abgelehnt, zu dieser Problematik überhaupt nur Stellung zu nehmen, geschweige denn irgendwelche Maßnahmen gegen die Vernichtung von menschlichem Leben für Forschungszwecke zu ergreifen. Wenn wir über die Herstellung von Medikamenten sprechen, sollten wir bedenken: Schützen wir das menschliche Leben durch die Verbreitung lebenserhaltender Medikamente, und stoppen wir die Vernichtung menschlichen Lebens für Forschungszwecke!",Die von den Christdemokraten geführte EUKommission hat es trotz dieser 18 Millionen Unterschriften abgelehnt  zu dieser Problematik überhaupt nur Stellung zu nehmen  geschweige denn irgendwelche Maßnahmen gegen die Vernichtung von menschlichem Leben für Forschungszwecke zu ergreifen  Wenn wir über die Herstellung von Medikamenten sprechen  sollten wir bedenken  Schützen wir das menschliche Leben durch die Verbreitung lebenserhaltender Medikamente  und stoppen wir die Vernichtung menschlichen Lebens für Forschungszwecke,66
666,eu8_291642,Marcus Pretzell,2014-07-15,"Wenn sie dennoch verhandelt, dann bitte als Wegbereiter ausschließlich für freien Handel zwischen den Völkern der Welt. Dann ließe sich auch schnell ein demokratischer politischer und gesellschaftlicher Konsens erzielen. Die Freiheit, die Demokratie und das Selbstbestimmungsrecht der europäischen Völker dürfen nicht zur Disposition stehen – auch nicht als Preis für den freien Handel, Herr Kommissar De Gucht.",Wenn sie dennoch verhandelt  dann bitte als Wegbereiter ausschließlich für freien Handel zwischen den Völkern der Welt  Dann ließe sich auch schnell ein demokratischer politischer und gesellschaftlicher Konsens erzielen  Die Freiheit  die Demokratie und das Selbstbestimmungsrecht der europäischen Völker dürfen nicht zur Disposition stehen – auch nicht als Preis für den freien Handel  Herr Kommissar De Gucht,57
667,eu8_291854,Beatrix von Storch,2014-07-14,"Alle Gesetze, die hier verabschiedet werden, kommen aus der EU-Kommission. Meine Damen und Herren, der Grundfehler der EU ist die unkontrollierte Machtkompetenz der EU-Kommission.",Alle Gesetze  die hier verabschiedet werden  kommen aus der EUKommission  Meine Damen und Herren  der Grundfehler der EU ist die unkontrollierte Machtkompetenz der EUKommission,24
